Position|E(B-V)_Mean|E(B-V)_Weighted|NHI_Mean|NHI_Weighted|NH2_Mean|NH2_Weighted|NHtot_Mean|NHtot_Weighted|
J 0.20323, -7.15322 | 0.036 | 0.037    | 3.15e+20 | 3.13e+20 | 3.87e+19 | 3.97e+19 | 3.54e+20 | 3.52e+20 |
J 0.44203, -76.95396| 0.053 | 0.055    | 4.65e+20 | 4.81e+20 | 8.77e+19 | 9.47e+19 | 5.53e+20 | 5.76e+20 |
J 0.61011, 3.35191  | 0.023 | 0.023    | 2.81e+20 | 2.81e+20 | 2.09e+19 | 2.04e+19 | 3.01e+20 | 3.01e+20 |
J 0.86425, 27.65473 | 0.052 | 0.055    | 4.25e+20 | 4.30e+20 | 7.88e+19 | 8.50e+19 | 5.03e+20 | 5.15e+20 |
J 1.00824, 70.32175 | 0.970 | 1.033    | 3.34e+21 | 3.48e+21 | 1.44e+21 | 1.44e+21 | 4.78e+21 | 4.92e+21 |
J 1.58140, 20.20295 | 0.044 | 0.042    | 3.57e+20 | 3.56e+20 | 5.47e+19 | 5.23e+19 | 4.11e+20 | 4.09e+20 |
J 2.29834, -0.61522 | 0.042 | 0.041    | 3.26e+20 | 3.25e+20 | 4.66e+19 | 4.61e+19 | 3.73e+20 | 3.71e+20 |
J 2.62917, 10.97486 | 0.089 | 0.088    | 5.33e+20 | 5.39e+20 | 1.73e+20 | 1.74e+20 | 7.06e+20 | 7.13e+20 |
J 4.28542, 81.58560 | 0.213 | 0.210    | 1.36e+21 | 1.35e+21 | 8.52e+20 | 8.40e+20 | 2.22e+21 | 2.19e+21 |
J 5.28141, -19.16819| 0.025 | 0.023    | 2.12e+20 | 2.01e+20 | 1.69e+19 | 1.46e+19 | 2.29e+20 | 2.16e+20 |
J 6.38503, 68.36244 | 1.221 | 1.182    | 4.88e+21 | 4.80e+21 | 1.44e+21 | 1.44e+21 | 6.32e+21 | 6.24e+21 |
J 6.66947, -53.16327| 0.016 | 0.017    | 1.72e+20 | 1.77e+20 | 8.28e+18 | 8.87e+18 | 1.80e+20 | 1.85e+20 |
J 7.30710, 13.26776 | 0.081 | 0.083    | 4.77e+20 | 4.86e+20 | 1.41e+20 | 1.48e+20 | 6.18e+20 | 6.33e+20 |
J 7.68263, -59.00722| 0.013 | 0.013    | 1.31e+20 | 1.31e+20 | 4.65e+18 | 4.87e+18 | 1.36e+20 | 1.36e+20 |
J 8.32644, 61.46202 | 1.049 | 1.072    | 5.38e+21 | 5.55e+21 | 1.44e+21 | 1.44e+21 | 6.82e+21 | 6.99e+21 |
J 8.57004, -79.08896| 0.073 | 0.075    | 6.00e+20 | 5.97e+20 | 1.60e+20 | 1.63e+20 | 7.60e+20 | 7.60e+20 |
J 8.63662, -4.40342 | 0.044 | 0.043    | 3.55e+20 | 3.45e+20 | 5.48e+19 | 5.14e+19 | 4.10e+20 | 3.97e+20 |
J 8.96931, 59.83454 | 0.817 | 0.810    | 4.18e+21 | 4.13e+21 | 1.44e+21 | 1.44e+21 | 5.62e+21 | 5.57e+21 |
J 9.08726, 45.66490 | 0.081 | 0.078    | 6.81e+20 | 6.33e+20 | 2.01e+20 | 1.80e+20 | 8.82e+20 | 8.14e+20 |
J 9.63381, 23.61341 | 0.031 | 0.030    | 2.96e+20 | 2.95e+20 | 3.10e+19 | 2.91e+19 | 3.27e+20 | 3.24e+20 |
J 10.16618, 24.76094| 0.037 | 0.036    | 3.58e+20 | 3.47e+20 | 4.55e+19 | 4.30e+19 | 4.03e+20 | 3.90e+20 |
J 10.72004, -23.54105| 0.017 | 0.018    | 1.42e+20 | 1.41e+20 | 7.27e+18 | 7.44e+18 | 1.49e+20 | 1.48e+20 |
J 10.75785, 30.28878| 0.054 | 0.054    | 4.82e+20 | 4.85e+20 | 9.38e+19 | 9.33e+19 | 5.76e+20 | 5.78e+20 |
J 10.66629, 30.29762| 0.054 | 0.053    | 4.82e+20 | 4.86e+20 | 9.38e+19 | 9.29e+19 | 5.76e+20 | 5.79e+20 |
J 10.78658, -11.60104| 0.027 | 0.027    | 2.31e+20 | 2.30e+20 | 1.98e+19 | 1.97e+19 | 2.50e+20 | 2.50e+20 |
J 11.58620, -40.09704| 0.011 | 0.011    | 3.44e+20 | 3.45e+20 | 1.21e+19 | 1.18e+19 | 3.56e+20 | 3.56e+20 |
J 12.19642, 31.95697| 0.072 | 0.070    | 5.80e+20 | 5.79e+20 | 1.52e+20 | 1.47e+20 | 7.31e+20 | 7.26e+20 |
J 12.89591, 29.40129| 0.059 | 0.058    | 5.61e+20 | 5.64e+20 | 1.21e+20 | 1.18e+20 | 6.82e+20 | 6.82e+20 |
J 12.97818, 17.43292| 0.065 | 0.060    | 4.03e+20 | 4.12e+20 | 9.42e+19 | 8.91e+19 | 4.98e+20 | 5.01e+20 |
J 13.01585, -27.39692| 0.015 | 0.015    | 1.56e+20 | 1.55e+20 | 7.08e+18 | 7.00e+18 | 1.63e+20 | 1.62e+20 |
J 13.71717, 25.42751| 0.048 | 0.046    | 4.48e+20 | 4.40e+20 | 7.56e+19 | 7.22e+19 | 5.24e+20 | 5.12e+20 |
J 14.30351, 63.99525| 1.534 | 1.479    | 8.67e+21 | 8.59e+21 | 1.44e+21 | 1.44e+21 | 1.01e+22 | 1.00e+22 |
J 14.97200, 31.82702| 0.062 | 0.063    | 5.21e+20 | 5.21e+20 | 1.17e+20 | 1.19e+20 | 6.38e+20 | 6.40e+20 |
J 15.14568, -47.86772| 0.012 | 0.012    | 2.28e+20 | 1.93e+20 | 8.34e+18 | 6.89e+18 | 2.36e+20 | 2.00e+20 |
J 15.35162, -3.14448| 0.034 | 0.033    | 3.35e+20 | 3.26e+20 | 3.89e+19 | 3.68e+19 | 3.74e+20 | 3.63e+20 |
J 15.89049, -64.65212| 0.021 | 0.022    | 2.28e+20 | 2.31e+20 | 1.51e+19 | 1.59e+19 | 2.43e+20 | 2.47e+20 |
J 16.36173, -42.21622| 0.010 | 0.010    | 2.50e+20 | 2.58e+20 | 7.75e+18 | 8.01e+18 | 2.58e+20 | 2.66e+20 |
J 16.40834, -47.07169| 0.012 | 0.012    | 2.07e+20 | 2.00e+20 | 7.27e+18 | 7.09e+18 | 2.14e+20 | 2.07e+20 |
J 16.41166, -14.27044| 0.023 | 0.022    | 2.06e+20 | 2.08e+20 | 1.48e+19 | 1.46e+19 | 2.21e+20 | 2.23e+20 |
J 16.44458, -34.52897| 0.019 | 0.019    | 1.82e+20 | 1.79e+20 | 1.06e+19 | 1.03e+19 | 1.93e+20 | 1.90e+20 |
J 16.68860, 6.63385 | 0.033 | 0.033    | 2.91e+20 | 2.91e+20 | 3.22e+19 | 3.17e+19 | 3.24e+20 | 3.23e+20 |
J 16.91518, -11.65312| 0.027 | 0.027    | 2.60e+20 | 2.48e+20 | 2.30e+19 | 2.13e+19 | 2.83e+20 | 2.69e+20 |
J 17.22031, 13.33732| 0.038 | 0.035    | 3.38e+20 | 3.23e+20 | 4.35e+19 | 3.79e+19 | 3.82e+20 | 3.60e+20 |
J 17.86516, -38.08346| 0.015 | 0.014    | 1.55e+20 | 1.56e+20 | 6.67e+18 | 6.56e+18 | 1.62e+20 | 1.63e+20 |
J 18.34456, 25.31480| 0.080 | 0.076    | 6.36e+20 | 6.32e+20 | 1.87e+20 | 1.76e+20 | 8.24e+20 | 8.08e+20 |
J 18.46267, 13.27175| 0.035 | 0.033    | 3.42e+20 | 3.37e+20 | 4.02e+19 | 3.78e+19 | 3.82e+20 | 3.75e+20 |
J 18.45868, -14.84565| 0.021 | 0.021    | 1.72e+20 | 1.77e+20 | 1.10e+19 | 1.17e+19 | 1.83e+20 | 1.89e+20 |
J 18.52921, -32.65088| 0.026 | 0.026    | 2.43e+20 | 2.39e+20 | 2.08e+19 | 2.01e+19 | 2.64e+20 | 2.59e+20 |
J 18.60391, -55.39705| 0.020 | 0.021    | 2.25e+20 | 2.25e+20 | 1.44e+19 | 1.46e+19 | 2.40e+20 | 2.40e+20 |
J 19.06167, 31.03384| 0.062 | 0.061    | 5.77e+20 | 5.73e+20 | 1.31e+20 | 1.27e+20 | 7.08e+20 | 7.00e+20 |
J 19.12979, -12.60471| 0.023 | 0.022    | 2.55e+20 | 2.43e+20 | 1.90e+19 | 1.74e+19 | 2.74e+20 | 2.61e+20 |
J 20.46464, -28.34937| 0.016 | 0.016    | 1.55e+20 | 1.55e+20 | 7.42e+18 | 7.47e+18 | 1.62e+20 | 1.62e+20 |
J 20.64340, 50.05498| 0.212 | 0.205    | 1.40e+21 | 1.36e+21 | 8.64e+20 | 8.27e+20 | 2.26e+21 | 2.18e+21 |
J 20.78598, 34.34678| 0.057 | 0.056    | 5.23e+20 | 5.20e+20 | 1.08e+20 | 1.05e+20 | 6.31e+20 | 6.25e+20 |
J 20.97655, -35.06544| 0.023 | 0.023    | 2.30e+20 | 2.31e+20 | 1.68e+19 | 1.72e+19 | 2.46e+20 | 2.48e+20 |
J 20.94072, -58.80577| 0.023 | 0.023    | 3.19e+20 | 3.16e+20 | 2.36e+19 | 2.37e+19 | 3.43e+20 | 3.40e+20 |
J 21.11167, 33.79949| 0.058 | 0.059    | 5.21e+20 | 5.29e+20 | 1.08e+20 | 1.13e+20 | 6.29e+20 | 6.42e+20 |
J 21.48308, 35.17691| 0.049 | 0.049    | 4.81e+20 | 4.86e+20 | 8.34e+19 | 8.43e+19 | 5.64e+20 | 5.70e+20 |
J 21.49193, 15.30380| 0.049 | 0.046    | 3.56e+20 | 3.56e+20 | 6.16e+19 | 5.71e+19 | 4.17e+20 | 4.13e+20 |
J 21.88549, 19.17883| 0.061 | 0.059    | 4.29e+20 | 4.26e+20 | 9.39e+19 | 9.04e+19 | 5.23e+20 | 5.16e+20 |
J 22.02801, -18.80863| 0.018 | 0.018    | 1.39e+20 | 1.38e+20 | 7.44e+18 | 7.46e+18 | 1.46e+20 | 1.46e+20 |
J 22.10184, 16.45933| 0.080 | 0.077    | 4.67e+20 | 4.60e+20 | 1.37e+20 | 1.28e+20 | 6.04e+20 | 5.88e+20 |
J 22.28186, -60.64504| 0.022 | 0.022    | 2.81e+20 | 2.69e+20 | 2.02e+19 | 1.90e+19 | 3.01e+20 | 2.88e+20 |
J 22.46323, -42.32645| 0.018 | 0.019    | 1.69e+20 | 1.72e+20 | 9.39e+18 | 9.98e+18 | 1.78e+20 | 1.82e+20 |
J 22.58872, -46.02915| 0.014 | 0.015    | 1.52e+20 | 1.54e+20 | 6.42e+18 | 6.77e+18 | 1.59e+20 | 1.60e+20 |
J 22.96001, -33.11929| 0.023 | 0.024    | 2.46e+20 | 2.49e+20 | 1.82e+19 | 1.94e+19 | 2.65e+20 | 2.68e+20 |
J 23.49035, -36.49322| 0.018 | 0.018    | 1.90e+20 | 1.95e+20 | 1.02e+19 | 1.10e+19 | 2.00e+20 | 2.06e+20 |
J 23.69014, -4.50366| 0.035 | 0.035    | 3.59e+20 | 3.61e+20 | 4.30e+19 | 4.37e+19 | 4.02e+20 | 4.05e+20 |
J 24.13583, 39.09978| 0.060 | 0.063    | 6.00e+20 | 6.17e+20 | 1.30e+20 | 1.42e+20 | 7.30e+20 | 7.59e+20 |
J 24.65483, -40.01144| 0.015 | 0.014    | 1.61e+20 | 1.63e+20 | 6.95e+18 | 6.92e+18 | 1.68e+20 | 1.70e+20 |
J 24.85002, 29.40196| 0.057 | 0.055    | 5.06e+20 | 4.95e+20 | 1.04e+20 | 9.87e+19 | 6.10e+20 | 5.93e+20 |
J 25.11167, -53.32761| 0.026 | 0.027    | 2.60e+20 | 2.63e+20 | 2.22e+19 | 2.32e+19 | 2.82e+20 | 2.86e+20 |
J 25.49070, 39.39145| 0.057 | 0.060    | 5.65e+20 | 5.83e+20 | 1.18e+20 | 1.26e+20 | 6.83e+20 | 7.09e+20 |
J 27.24871, 21.75943| 0.084 | 0.084    | 6.56e+20 | 6.72e+20 | 2.02e+20 | 2.08e+20 | 8.58e+20 | 8.80e+20 |
J 27.35350, 21.99735| 0.085 | 0.082    | 6.66e+20 | 6.63e+20 | 2.07e+20 | 2.00e+20 | 8.74e+20 | 8.63e+20 |
J 27.34268, -50.25206| 0.020 | 0.020    | 1.96e+20 | 1.90e+20 | 1.20e+19 | 1.16e+19 | 2.08e+20 | 2.02e+20 |
J 27.92441, -36.18783| 0.014 | 0.014    | 1.55e+20 | 1.56e+20 | 6.53e+18 | 6.59e+18 | 1.62e+20 | 1.62e+20 |
J 28.20433, -3.44684| 0.026 | 0.027    | 2.62e+20 | 2.72e+20 | 2.22e+19 | 2.37e+19 | 2.85e+20 | 2.96e+20 |
J 28.66799, -27.11703| 0.014 | 0.014    | 1.48e+20 | 1.53e+20 | 6.02e+18 | 6.45e+18 | 1.54e+20 | 1.60e+20 |
J 28.85397, 2.47126 | 0.025 | 0.025    | 2.85e+20 | 2.80e+20 | 2.35e+19 | 2.28e+19 | 3.09e+20 | 3.03e+20 |
J 29.29564, 47.26645| 0.145 | 0.136    | 1.21e+21 | 1.16e+21 | 5.85e+20 | 5.37e+20 | 1.79e+21 | 1.69e+21 |
J 30.07940, 24.47384| 0.101 | 0.099    | 7.65e+20 | 7.49e+20 | 2.82e+20 | 2.72e+20 | 1.05e+21 | 1.02e+21 |
J 30.27692, -6.81589| 0.025 | 0.025    | 2.13e+20 | 2.12e+20 | 1.70e+19 | 1.71e+19 | 2.30e+20 | 2.29e+20 |
J 30.57232, 68.36265| 1.140 | 1.131    | 3.74e+21 | 3.73e+21 | 1.44e+21 | 1.44e+21 | 5.18e+21 | 5.17e+21 |
J 30.38477, 68.40608| 1.140 | 1.140    | 3.74e+21 | 3.74e+21 | 1.44e+21 | 1.44e+21 | 5.18e+21 | 5.18e+21 |
J 30.75394, -24.03675| 0.016 | 0.017    | 1.56e+20 | 1.60e+20 | 7.50e+18 | 7.90e+18 | 1.64e+20 | 1.68e+20 |
J 31.56662, -0.29146| 0.029 | 0.029    | 2.39e+20 | 2.43e+20 | 2.23e+19 | 2.33e+19 | 2.61e+20 | 2.67e+20 |
J 31.75919, 29.51278| 0.067 | 0.065    | 5.54e+20 | 5.34e+20 | 1.36e+20 | 1.25e+20 | 6.89e+20 | 6.59e+20 |
J 31.96495, 44.84400| 0.085 | 0.084    | 8.50e+20 | 8.47e+20 | 2.63e+20 | 2.60e+20 | 1.11e+21 | 1.11e+21 |
J 32.14560, -17.65966| 0.030 | 0.030    | 2.45e+20 | 2.54e+20 | 2.37e+19 | 2.51e+19 | 2.69e+20 | 2.79e+20 |
J 32.33685, -10.13308| 0.024 | 0.024    | 2.50e+20 | 2.53e+20 | 1.93e+19 | 1.99e+19 | 2.69e+20 | 2.73e+20 |
J 32.40587, 52.44435| 0.183 | 0.181    | 1.53e+21 | 1.51e+21 | 8.32e+20 | 8.15e+20 | 2.36e+21 | 2.32e+21 |
J 32.71890, -49.69852| 0.018 | 0.019    | 1.67e+20 | 1.69e+20 | 9.25e+18 | 9.53e+18 | 1.77e+20 | 1.79e+20 |
J 33.57475, 51.74776| 0.178 | 0.178    | 1.46e+21 | 1.44e+21 | 7.91e+20 | 7.84e+20 | 2.25e+21 | 2.23e+21 |
J 33.63985, -0.76672| 0.031 | 0.032    | 2.64e+20 | 2.65e+20 | 2.73e+19 | 2.79e+19 | 2.92e+20 | 2.93e+20 |
J 33.65584, -64.50140| 0.028 | 0.027    | 2.80e+20 | 2.82e+20 | 2.53e+19 | 2.52e+19 | 3.05e+20 | 3.07e+20 |
J 33.90593, -12.99174| 0.021 | 0.021    | 1.68e+20 | 1.69e+20 | 1.05e+19 | 1.07e+19 | 1.78e+20 | 1.79e+20 |
J 34.11161, 51.42357| 0.188 | 0.182    | 1.44e+21 | 1.42e+21 | 8.14e+20 | 7.86e+20 | 2.26e+21 | 2.20e+21 |
J 34.37849, 73.82572| 0.722 | 0.758    | 2.50e+21 | 2.50e+21 | 1.44e+21 | 1.44e+21 | 3.93e+21 | 3.94e+21 |
J 35.52638, 52.35165| 0.213 | 0.211    | 1.68e+21 | 1.69e+21 | 9.66e+20 | 9.65e+20 | 2.64e+21 | 2.65e+21 |
J 35.64675, 25.13745| 0.087 | 0.085    | 6.25e+20 | 6.16e+20 | 2.00e+20 | 1.91e+20 | 8.25e+20 | 8.07e+20 |
J 35.88782, 45.82118| 0.103 | 0.104    | 1.10e+21 | 1.13e+21 | 4.04e+20 | 4.19e+20 | 1.50e+21 | 1.55e+21 |
J 36.26175, -23.21345| 0.019 | 0.019    | 1.75e+20 | 1.71e+20 | 1.03e+19 | 9.92e+18 | 1.85e+20 | 1.80e+20 |
J 36.26943, 18.78016| 0.241 | 0.251    | 9.26e+20 | 9.43e+20 | 7.08e+20 | 7.39e+20 | 1.63e+21 | 1.68e+21 |
J 36.28758, -63.22398| 0.026 | 0.026    | 2.57e+20 | 2.48e+20 | 2.19e+19 | 2.05e+19 | 2.79e+20 | 2.69e+20 |
J 36.60716, -28.34968| 0.016 | 0.016    | 1.65e+20 | 1.69e+20 | 7.98e+18 | 8.14e+18 | 1.73e+20 | 1.77e+20 |
J 36.72752, 23.79966| 0.129 | 0.123    | 7.57e+20 | 7.47e+20 | 3.51e+20 | 3.33e+20 | 1.11e+21 | 1.08e+21 |
J 37.06030, 31.31154| 0.089 | 0.090    | 6.69e+20 | 6.64e+20 | 2.19e+20 | 2.20e+20 | 8.88e+20 | 8.84e+20 |
J 37.52303, -8.99812| 0.031 | 0.030    | 3.51e+20 | 3.26e+20 | 3.68e+19 | 3.28e+19 | 3.88e+20 | 3.59e+20 |
J 37.96241, -36.67212| 0.029 | 0.028    | 2.57e+20 | 2.58e+20 | 2.46e+19 | 2.38e+19 | 2.81e+20 | 2.82e+20 |
J 38.20250, 20.28813| 0.128 | 0.128    | 8.06e+20 | 7.92e+20 | 3.69e+20 | 3.65e+20 | 1.18e+21 | 1.16e+21 |
J 38.58379, 32.50572| 0.104 | 0.107    | 6.70e+20 | 6.67e+20 | 2.54e+20 | 2.60e+20 | 9.24e+20 | 9.27e+20 |
J 38.65764, -8.78779| 0.029 | 0.028    | 3.19e+20 | 3.17e+20 | 3.04e+19 | 2.97e+19 | 3.49e+20 | 3.46e+20 |
J 38.80607, -29.60479| 0.019 | 0.018    | 1.78e+20 | 1.70e+20 | 1.00e+19 | 9.27e+18 | 1.89e+20 | 1.79e+20 |
J 39.58215, -52.19231| 0.035 | 0.034    | 2.93e+20 | 2.93e+20 | 3.44e+19 | 3.35e+19 | 3.27e+20 | 3.26e+20 |
J 39.67965, -61.28955| 0.025 | 0.025    | 2.37e+20 | 2.41e+20 | 1.88e+19 | 1.91e+19 | 2.55e+20 | 2.60e+20 |
J 39.70408, -40.64390| 0.019 | 0.020    | 1.87e+20 | 1.91e+20 | 1.10e+19 | 1.15e+19 | 1.98e+20 | 2.03e+20 |
J 40.27001, -8.25576| 0.026 | 0.026    | 2.79e+20 | 2.83e+20 | 2.33e+19 | 2.39e+19 | 3.02e+20 | 3.06e+20 |
J 40.39530, 7.18716 | 0.122 | 0.123    | 7.26e+20 | 7.19e+20 | 3.22e+20 | 3.22e+20 | 1.05e+21 | 1.04e+21 |
J 40.51592, 5.16838 | 0.077 | 0.080    | 5.04e+20 | 5.14e+20 | 1.42e+20 | 1.50e+20 | 6.46e+20 | 6.64e+20 |
J 40.56099, 5.50999 | 0.082 | 0.085    | 5.35e+20 | 5.28e+20 | 1.61e+20 | 1.64e+20 | 6.96e+20 | 6.92e+20 |
J 40.66960, -0.01329| 0.032 | 0.032    | 3.00e+20 | 2.92e+20 | 3.18e+19 | 3.07e+19 | 3.32e+20 | 3.22e+20 |
J 41.01249, 53.47451| 0.405 | 0.417    | 2.68e+21 | 2.68e+21 | 1.40e+21 | 1.40e+21 | 4.08e+21 | 4.08e+21 |
J 41.19884, -24.51385| 0.020 | 0.020    | 1.79e+20 | 1.78e+20 | 1.12e+19 | 1.10e+19 | 1.90e+20 | 1.89e+20 |
J 41.24040, 62.46848| 0.869 | 0.898    | 6.67e+21 | 6.67e+21 | 1.44e+21 | 1.44e+21 | 8.11e+21 | 8.11e+21 |
J 41.30614, 10.78967| 0.204 | 0.206    | 9.95e+20 | 1.00e+21 | 6.58e+20 | 6.69e+20 | 1.65e+21 | 1.67e+21 |
J 42.24726, 26.51101| 0.138 | 0.140    | 1.00e+21 | 1.03e+21 | 4.81e+20 | 4.99e+20 | 1.49e+21 | 1.53e+21 |
J 42.61329, 46.79148| 0.210 | 0.210    | 1.47e+21 | 1.47e+21 | 8.84e+20 | 8.86e+20 | 2.35e+21 | 2.36e+21 |
J 42.67738, 54.70485| 0.857 | 0.821    | 4.16e+21 | 4.06e+21 | 1.44e+21 | 1.44e+21 | 5.60e+21 | 5.50e+21 |
J 42.66867, 41.67160| 0.093 | 0.092    | 7.94e+20 | 8.05e+20 | 2.71e+20 | 2.71e+20 | 1.06e+21 | 1.08e+21 |
J 42.91856, -16.65064| 0.026 | 0.025    | 2.78e+20 | 2.63e+20 | 2.39e+19 | 2.16e+19 | 3.02e+20 | 2.85e+20 |
J 42.88255, -68.05158| 0.038 | 0.039    | 4.27e+20 | 4.34e+20 | 5.59e+19 | 5.83e+19 | 4.83e+20 | 4.92e+20 |
J 43.14172, 43.16744| 0.107 | 0.105    | 9.67e+20 | 9.74e+20 | 3.71e+20 | 3.67e+20 | 1.34e+21 | 1.34e+21 |
J 43.09751, -8.51030| 0.046 | 0.043    | 4.54e+20 | 4.46e+20 | 7.37e+19 | 6.80e+19 | 5.28e+20 | 5.14e+20 |
J 43.80078, -0.18372| 0.075 | 0.073    | 5.88e+20 | 5.81e+20 | 1.62e+20 | 1.55e+20 | 7.50e+20 | 7.36e+20 |
J 44.08973, -32.18563| 0.020 | 0.021    | 2.25e+20 | 2.38e+20 | 1.42e+19 | 1.57e+19 | 2.39e+20 | 2.54e+20 |
J 44.90637, 44.28833| 0.197 | 0.197    | 1.36e+21 | 1.37e+21 | 8.07e+20 | 8.10e+20 | 2.16e+21 | 2.18e+21 |
J 45.01799, -10.82461| 0.056 | 0.059    | 5.00e+20 | 5.29e+20 | 1.01e+20 | 1.13e+20 | 6.01e+20 | 6.42e+20 |
J 45.95460, -1.10371| 0.092 | 0.088    | 6.50e+20 | 6.03e+20 | 2.20e+20 | 1.94e+20 | 8.69e+20 | 7.97e+20 |
J 46.89727, -72.83404| 0.041 | 0.040    | 6.83e+20 | 6.74e+20 | 1.00e+20 | 9.72e+19 | 7.83e+20 | 7.71e+20 |
J 47.04514, -22.96023| 0.020 | 0.021    | 1.70e+20 | 1.72e+20 | 1.05e+19 | 1.08e+19 | 1.80e+20 | 1.83e+20 |
J 47.68489, 32.65808| 0.262 | 0.273    | 1.12e+21 | 1.14e+21 | 8.59e+20 | 8.92e+20 | 1.98e+21 | 2.04e+21 |
J 47.82837, -20.77170| 0.025 | 0.025    | 2.13e+20 | 2.06e+20 | 1.70e+19 | 1.60e+19 | 2.30e+20 | 2.22e+20 |
J 47.98021, -76.86411| 0.102 | 0.099    | 8.50e+20 | 8.57e+20 | 3.15e+20 | 3.09e+20 | 1.16e+21 | 1.17e+21 |
J 48.01238, 50.48739| 0.738 | 0.719    | 3.38e+21 | 3.30e+21 | 1.44e+21 | 1.44e+21 | 4.82e+21 | 4.74e+21 |
J 48.25817, 41.33368| 0.165 | 0.153    | 1.14e+21 | 1.11e+21 | 6.22e+20 | 5.74e+20 | 1.76e+21 | 1.69e+21 |
J 49.25903, 1.25501 | 0.113 | 0.115    | 7.05e+20 | 6.94e+20 | 2.91e+20 | 2.92e+20 | 9.96e+20 | 9.86e+20 |
J 49.57956, 68.49221| 0.829 | 0.799    | 3.13e+21 | 3.08e+21 | 1.44e+21 | 1.44e+21 | 4.57e+21 | 4.52e+21 |
J 49.95067, 41.51173| 0.171 | 0.164    | 1.38e+21 | 1.36e+21 | 7.37e+20 | 7.08e+20 | 2.12e+21 | 2.07e+21 |
J 51.17150, 34.17940| 0.255 | 0.251    | 1.26e+21 | 1.27e+21 | 9.09e+20 | 9.02e+20 | 2.17e+21 | 2.17e+21 |
J 51.25948, -41.90489| 0.012 | 0.012    | 1.26e+20 | 1.25e+20 | 4.25e+18 | 4.26e+18 | 1.30e+20 | 1.29e+20 |
J 51.30397, 40.69802| 0.176 | 0.180    | 1.48e+21 | 1.53e+21 | 7.93e+20 | 8.21e+20 | 2.27e+21 | 2.35e+21 |
J 51.34805, -56.59573| 0.030 | 0.031    | 1.93e+20 | 1.98e+20 | 1.85e+19 | 1.99e+19 | 2.12e+20 | 2.18e+20 |
J 52.15214, -28.69887| 0.011 | 0.010    | 9.86e+19 | 9.71e+19 | 3.07e+18 | 2.70e+18 | 1.02e+20 | 9.98e+19 |
J 52.71741, 5.64042 | 0.245 | 0.246    | 1.19e+21 | 1.19e+21 | 8.52e+20 | 8.55e+20 | 2.04e+21 | 2.04e+21 |
J 52.84599, -5.14168| 0.044 | 0.044    | 3.80e+20 | 3.81e+20 | 5.83e+19 | 5.86e+19 | 4.39e+20 | 4.40e+20 |
J 53.32826, 37.30310| 0.519 | 0.534    | 1.39e+21 | 1.39e+21 | 1.30e+21 | 1.31e+21 | 2.68e+21 | 2.70e+21 |
J 53.40170, -36.14019| 0.013 | 0.013    | 1.34e+20 | 1.34e+20 | 5.00e+18 | 5.20e+18 | 1.39e+20 | 1.39e+20 |
J 53.60204, -15.22771| 0.080 | 0.081    | 5.48e+20 | 5.60e+20 | 1.61e+20 | 1.66e+20 | 7.09e+20 | 7.26e+20 |
J 53.84406, 19.12469| 0.201 | 0.203    | 1.13e+21 | 1.16e+21 | 7.18e+20 | 7.34e+20 | 1.85e+21 | 1.89e+21 |
J 54.12547, 32.30815| 0.958 | 0.885    | 1.30e+21 | 1.26e+21 | 1.41e+21 | 1.40e+21 | 2.71e+21 | 2.66e+21 |
J 55.51547, -21.24431| 0.034 | 0.032    | 2.53e+20 | 2.29e+20 | 2.82e+19 | 2.42e+19 | 2.82e+20 | 2.53e+20 |
J 56.30220, -39.57480| 0.014 | 0.014    | 2.41e+20 | 2.88e+20 | 9.94e+18 | 1.24e+19 | 2.51e+20 | 3.00e+20 |
J 56.77272, -30.39748| 0.011 | 0.011    | 9.62e+19 | 9.88e+19 | 2.86e+18 | 2.94e+18 | 9.91e+19 | 1.02e+20 |
J 57.34662, -11.99091| 0.052 | 0.051    | 3.09e+20 | 3.05e+20 | 5.59e+19 | 5.37e+19 | 3.65e+20 | 3.58e+20 |
J 57.59578, -50.30261| 0.011 | 0.010    | 1.20e+20 | 1.16e+20 | 3.58e+18 | 3.37e+18 | 1.24e+20 | 1.20e+20 |
J 57.92375, -40.46646| 0.012 | 0.012    | 2.41e+20 | 2.45e+20 | 8.42e+18 | 8.67e+18 | 2.49e+20 | 2.54e+20 |
J 58.23951, -68.52141| 0.080 | 0.086    | 6.12e+20 | 6.32e+20 | 1.79e+20 | 1.99e+20 | 7.92e+20 | 8.31e+20 |
J 58.42696, 37.23546| 0.621 | 0.635    | 1.70e+21 | 1.68e+21 | 1.39e+21 | 1.39e+21 | 3.09e+21 | 3.08e+21 |
J 58.53943, 2.82517 | 0.286 | 0.288    | 1.26e+21 | 1.28e+21 | 9.70e+20 | 9.85e+20 | 2.23e+21 | 2.27e+21 |
J 59.08319, -62.86089| 0.043 | 0.043    | 3.10e+20 | 3.06e+20 | 4.58e+19 | 4.47e+19 | 3.56e+20 | 3.51e+20 |
J 59.23553, -40.69608| 0.009 | 0.009    | 1.85e+20 | 1.86e+20 | 4.89e+18 | 4.85e+18 | 1.90e+20 | 1.91e+20 |
J 59.43806, 41.91812| 0.750 | 0.765    | 2.98e+21 | 3.02e+21 | 1.44e+21 | 1.44e+21 | 4.42e+21 | 4.45e+21 |
J 59.83540, -30.20269| 0.009 | 0.009    | 9.99e+19 | 9.49e+19 | 2.38e+18 | 2.19e+18 | 1.02e+20 | 9.71e+19 |
J 59.78680, -30.30294| 0.009 | 0.009    | 9.90e+19 | 9.45e+19 | 2.34e+18 | 2.15e+18 | 1.01e+20 | 9.67e+19 |
J 59.87392, 50.96396| 1.686 | 1.581    | 6.93e+21 | 6.92e+21 | 1.44e+21 | 1.44e+21 | 8.37e+21 | 8.36e+21 |
J 60.60701, -18.04758| 0.028 | 0.027    | 1.64e+20 | 1.60e+20 | 1.43e+19 | 1.37e+19 | 1.78e+20 | 1.74e+20 |
J 60.97395, -36.08386| 0.004 | 0.004    | 6.64e+19 | 6.03e+19 | 7.07e+17 | 6.33e+17 | 6.71e+19 | 6.09e+19 |
J 61.25709, -37.18758| 0.004 | 0.004    | 6.59e+19 | 6.33e+19 | 6.84e+17 | 6.16e+17 | 6.66e+19 | 6.39e+19 |
J 61.39168, -13.13713| 0.059 | 0.059    | 3.89e+20 | 3.98e+20 | 8.17e+19 | 8.36e+19 | 4.70e+20 | 4.82e+20 |
J 61.81863, 3.70718 | 0.359 | 0.365    | 1.15e+21 | 1.15e+21 | 1.04e+21 | 1.05e+21 | 2.19e+21 | 2.20e+21 |
J 63.34302, 16.99752| 0.572 | 0.588    | 1.62e+21 | 1.62e+21 | 1.37e+21 | 1.37e+21 | 2.98e+21 | 2.99e+21 |
J 63.41809, 11.20413| 0.580 | 0.577    | 1.52e+21 | 1.52e+21 | 1.36e+21 | 1.36e+21 | 2.87e+21 | 2.88e+21 |
J 63.71942, -7.92770| 0.070 | 0.073    | 5.14e+20 | 5.28e+20 | 1.31e+20 | 1.41e+20 | 6.45e+20 | 6.69e+20 |
J 64.58864, 38.02660| 1.318 | 1.398    | 2.90e+21 | 2.91e+21 | 1.44e+21 | 1.44e+21 | 4.34e+21 | 4.35e+21 |
J 65.00164, -54.93794| 0.010 | 0.009    | 9.19e+19 | 8.61e+19 | 2.36e+18 | 2.09e+18 | 9.43e+19 | 8.82e+19 |
J 65.60026, -56.22563| 0.014 | 0.015    | 1.21e+20 | 1.32e+20 | 4.84e+18 | 5.90e+18 | 1.25e+20 | 1.38e+20 |
J 65.91985, 4.13384 | 0.295 | 0.303    | 1.22e+21 | 1.24e+21 | 9.72e+20 | 9.95e+20 | 2.20e+21 | 2.24e+21 |
J 66.50301, -57.20051| 0.015 | 0.014    | 1.29e+20 | 1.26e+20 | 5.43e+18 | 5.11e+18 | 1.34e+20 | 1.31e+20 |
J 66.75586, -12.05949| 0.051 | 0.051    | 3.66e+20 | 3.48e+20 | 6.61e+19 | 6.17e+19 | 4.32e+20 | 4.10e+20 |
J 67.44758, -67.05552| 0.043 | 0.044    | 3.74e+20 | 3.88e+20 | 5.66e+19 | 5.94e+19 | 4.30e+20 | 4.48e+20 |
J 67.40961, -21.16216| 0.029 | 0.027    | 2.21e+20 | 2.07e+20 | 2.07e+19 | 1.78e+19 | 2.42e+20 | 2.25e+20 |
J 68.29622, 5.35432 | 0.283 | 0.286    | 1.06e+21 | 1.06e+21 | 8.70e+20 | 8.77e+20 | 1.93e+21 | 1.94e+21 |
J 68.36328, -58.72608| 0.015 | 0.015    | 1.27e+20 | 1.25e+20 | 5.49e+18 | 5.43e+18 | 1.33e+20 | 1.31e+20 |
J 69.09289, -10.37609| 0.077 | 0.072    | 4.77e+20 | 4.61e+20 | 1.34e+20 | 1.21e+20 | 6.12e+20 | 5.82e+20 |
J 69.36732, -47.19151| 0.010 | 0.010    | 1.03e+20 | 1.02e+20 | 2.74e+18 | 2.64e+18 | 1.06e+20 | 1.05e+20 |
J 69.55912, -10.79585| 0.078 | 0.076    | 4.50e+20 | 4.40e+20 | 1.27e+20 | 1.21e+20 | 5.77e+20 | 5.62e+20 |
J 69.99600, -59.68159| 0.022 | 0.022    | 1.69e+20 | 1.74e+20 | 1.15e+19 | 1.19e+19 | 1.81e+20 | 1.86e+20 |
J 70.19878, 27.66303| 0.832 | 0.773    | 1.71e+21 | 1.71e+21 | 1.43e+21 | 1.42e+21 | 3.14e+21 | 3.14e+21 |
J 70.34389, -27.13869| 0.037 | 0.037    | 2.51e+20 | 2.59e+20 | 3.05e+19 | 3.24e+19 | 2.82e+20 | 2.92e+20 |
J 70.47530, -8.44277| 0.093 | 0.097    | 5.90e+20 | 6.01e+20 | 2.00e+20 | 2.13e+20 | 7.90e+20 | 8.14e+20 |
J 70.94501, 28.97192| 0.770 | 0.777    | 1.86e+21 | 1.76e+21 | 1.43e+21 | 1.42e+21 | 3.28e+21 | 3.18e+21 |
J 71.03760, 28.21688| 0.731 | 0.746    | 1.80e+21 | 1.78e+21 | 1.42e+21 | 1.42e+21 | 3.22e+21 | 3.20e+21 |
J 71.15712, -28.16510| 0.031 | 0.032    | 2.41e+20 | 2.47e+20 | 2.42e+19 | 2.56e+19 | 2.65e+20 | 2.72e+20 |
J 71.62363, 18.46086| 0.566 | 0.580    | 1.72e+21 | 1.70e+21 | 1.38e+21 | 1.38e+21 | 3.09e+21 | 3.08e+21 |
J 72.50821, -55.21120| 0.012 | 0.012    | 1.20e+20 | 1.17e+20 | 4.09e+18 | 3.82e+18 | 1.25e+20 | 1.21e+20 |
J 72.92297, -3.80934| 0.040 | 0.040    | 3.55e+20 | 3.59e+20 | 4.85e+19 | 4.92e+19 | 4.03e+20 | 4.08e+20 |
J 72.93340, -58.18343| 0.016 | 0.017    | 1.41e+20 | 1.53e+20 | 6.54e+18 | 7.83e+18 | 1.48e+20 | 1.60e+20 |
J 73.01986, 49.54579| 0.760 | 0.790    | 4.46e+21 | 4.45e+21 | 1.44e+21 | 1.44e+21 | 5.90e+21 | 5.89e+21 |
J 73.35725, 4.06163 | 0.072 | 0.073    | 6.72e+20 | 6.59e+20 | 1.78e+20 | 1.77e+20 | 8.49e+20 | 8.36e+20 |
J 73.67874, -43.23965| 0.011 | 0.012    | 1.16e+20 | 1.17e+20 | 3.67e+18 | 3.77e+18 | 1.20e+20 | 1.21e+20 |
J 73.99546, -75.54118| 0.106 | 0.113    | 9.24e+20 | 8.95e+20 | 3.53e+20 | 3.62e+20 | 1.28e+21 | 1.26e+21 |
J 74.98369, 27.10059| 0.950 | 1.028    | 2.92e+21 | 3.10e+21 | 1.44e+21 | 1.44e+21 | 4.36e+21 | 4.54e+21 |
J 74.98672, 35.04844| 0.893 | 0.894    | 3.62e+21 | 3.66e+21 | 1.44e+21 | 1.44e+21 | 5.06e+21 | 5.10e+21 |
J 75.53770, 3.53053 | 0.062 | 0.062    | 7.18e+20 | 7.11e+20 | 1.63e+20 | 1.60e+20 | 8.81e+20 | 8.71e+20 |
J 75.74262, 22.99772| 0.441 | 0.452    | 2.28e+21 | 2.26e+21 | 1.39e+21 | 1.39e+21 | 3.67e+21 | 3.64e+21 |
J 76.14280, -73.82424| 0.112 | 0.113    | 1.19e+21 | 1.26e+21 | 4.67e+20 | 4.92e+20 | 1.66e+21 | 1.75e+21 |
J 76.35146, -67.57650| 0.329 | 0.298    | 1.79e+21 | 1.76e+21 | 1.22e+21 | 1.17e+21 | 3.01e+21 | 2.93e+21 |
J 76.44053, -23.85391| 0.034 | 0.034    | 2.13e+20 | 2.12e+20 | 2.38e+19 | 2.33e+19 | 2.37e+20 | 2.35e+20 |
J 76.98404, 67.62343| 0.160 | 0.154    | 9.37e+20 | 9.10e+20 | 5.16e+20 | 4.86e+20 | 1.45e+21 | 1.40e+21 |
J 77.08211, 17.36335| 0.368 | 0.369    | 1.84e+21 | 1.84e+21 | 1.27e+21 | 1.28e+21 | 3.11e+21 | 3.11e+21 |
J 77.68972, 16.49949| 0.345 | 0.349    | 1.88e+21 | 1.88e+21 | 1.26e+21 | 1.26e+21 | 3.14e+21 | 3.15e+21 |
J 77.99085, -18.49389| 0.050 | 0.049    | 3.58e+20 | 3.51e+20 | 6.24e+19 | 6.04e+19 | 4.21e+20 | 4.12e+20 |
J 78.31843, 66.46397| 0.167 | 0.153    | 9.32e+20 | 9.12e+20 | 5.33e+20 | 4.84e+20 | 1.46e+21 | 1.40e+21 |
J 78.83231, 18.91438| 0.502 | 0.524    | 2.23e+21 | 2.23e+21 | 1.40e+21 | 1.41e+21 | 3.64e+21 | 3.64e+21 |
J 79.04752, -0.14976| 0.126 | 0.123    | 1.01e+21 | 9.78e+20 | 4.45e+20 | 4.27e+20 | 1.45e+21 | 1.40e+21 |
J 79.09469, 19.45315| 0.564 | 0.550    | 2.29e+21 | 2.25e+21 | 1.42e+21 | 1.41e+21 | 3.71e+21 | 3.66e+21 |
J 79.08840, -10.56151| 0.146 | 0.152    | 8.94e+20 | 9.24e+20 | 4.59e+20 | 4.88e+20 | 1.35e+21 | 1.41e+21 |
J 79.89923, -32.65775| 0.018 | 0.018    | 1.79e+20 | 1.75e+20 | 1.00e+19 | 9.36e+18 | 1.89e+20 | 1.84e+20 |
J 79.95718, -45.77884| 0.033 | 0.035    | 2.87e+20 | 3.12e+20 | 3.18e+19 | 3.71e+19 | 3.19e+20 | 3.49e+20 |
J 80.25582, -25.36256| 0.026 | 0.026    | 1.65e+20 | 1.66e+20 | 1.35e+19 | 1.36e+19 | 1.79e+20 | 1.80e+20 |
J 80.74159, -36.45857| 0.041 | 0.040    | 3.63e+20 | 3.58e+20 | 5.10e+19 | 4.88e+19 | 4.15e+20 | 4.06e+20 |
J 81.02879, -12.16913| 0.150 | 0.151    | 9.53e+20 | 9.75e+20 | 4.96e+20 | 5.09e+20 | 1.45e+21 | 1.48e+21 |
J 81.27709, -23.63633| 0.031 | 0.031    | 2.23e+20 | 2.22e+20 | 2.27e+19 | 2.27e+19 | 2.46e+20 | 2.45e+20 |
J 81.32546, -46.00563| 0.040 | 0.040    | 3.53e+20 | 3.54e+20 | 4.83e+19 | 4.87e+19 | 4.01e+20 | 4.03e+20 |
J 81.61363, -21.28658| 0.043 | 0.044    | 3.24e+20 | 3.38e+20 | 4.80e+19 | 5.19e+19 | 3.72e+20 | 3.90e+20 |
J 82.00850, -39.57910| 0.021 | 0.021    | 2.06e+20 | 2.02e+20 | 1.36e+19 | 1.34e+19 | 2.19e+20 | 2.15e+20 |
J 82.73504, 13.53202| 0.773 | 0.830    | 2.42e+21 | 2.40e+21 | 1.44e+21 | 1.44e+21 | 3.85e+21 | 3.84e+21 |
J 83.23964, 13.75251| 0.760 | 0.767    | 2.32e+21 | 2.32e+21 | 1.44e+21 | 1.44e+21 | 3.76e+21 | 3.76e+21 |
J 83.45899, -13.35515| 0.145 | 0.143    | 8.82e+20 | 8.82e+20 | 4.50e+20 | 4.45e+20 | 1.33e+21 | 1.33e+21 |
J 83.88386, 40.18773| 0.627 | 0.597    | 3.88e+21 | 3.74e+21 | 1.44e+21 | 1.44e+21 | 5.32e+21 | 5.17e+21 |
J 84.97617, -28.66556| 0.028 | 0.027    | 2.22e+20 | 2.20e+20 | 1.97e+19 | 1.91e+19 | 2.42e+20 | 2.39e+20 |
J 85.88733, -27.65142| 0.028 | 0.028    | 2.11e+20 | 2.16e+20 | 1.92e+19 | 1.96e+19 | 2.31e+20 | 2.35e+20 |
J 86.00036, -43.42413| 0.044 | 0.046    | 3.76e+20 | 3.88e+20 | 5.83e+19 | 6.27e+19 | 4.35e+20 | 4.51e+20 |
J 86.09402, 59.12668| 0.313 | 0.288    | 1.64e+21 | 1.58e+21 | 1.16e+21 | 1.10e+21 | 2.79e+21 | 2.68e+21 |
J 86.81209, 50.64037| 0.252 | 0.247    | 1.70e+21 | 1.72e+21 | 1.06e+21 | 1.06e+21 | 2.76e+21 | 2.78e+21 |
J 87.11843, -47.75876| 0.065 | 0.066    | 4.97e+20 | 5.06e+20 | 1.17e+20 | 1.22e+20 | 6.15e+20 | 6.27e+20 |
J 87.66904, -32.27120| 0.034 | 0.035    | 2.58e+20 | 2.58e+20 | 2.95e+19 | 3.00e+19 | 2.87e+20 | 2.88e+20 |
J 88.04741, -7.45624| 0.511 | 0.465    | 1.66e+21 | 1.66e+21 | 1.35e+21 | 1.32e+21 | 3.01e+21 | 2.98e+21 |
J 88.11735, 59.47694| 0.185 | 0.181    | 1.25e+21 | 1.24e+21 | 7.24e+20 | 7.10e+20 | 1.97e+21 | 1.95e+21 |
J 88.72336, 46.43938| 0.254 | 0.262    | 1.82e+21 | 1.84e+21 | 1.10e+21 | 1.13e+21 | 2.93e+21 | 2.97e+21 |
J 88.87834, 39.81364| 0.488 | 0.499    | 2.82e+21 | 2.73e+21 | 1.42e+21 | 1.42e+21 | 4.25e+21 | 4.16e+21 |
J 89.50856, -38.33456| 0.047 | 0.045    | 3.85e+20 | 3.69e+20 | 6.30e+19 | 5.75e+19 | 4.48e+20 | 4.26e+20 |
J 89.94746, -50.44778| 0.048 | 0.046    | 3.58e+20 | 3.37e+20 | 5.99e+19 | 5.37e+19 | 4.18e+20 | 3.90e+20 |
J 90.16714, 0.10513 | 0.634 | 0.663    | 2.20e+21 | 2.19e+21 | 1.42e+21 | 1.43e+21 | 3.62e+21 | 3.62e+21 |
J 90.54364, 28.47207| 0.480 | 0.473    | 3.47e+21 | 3.37e+21 | 1.43e+21 | 1.43e+21 | 4.91e+21 | 4.81e+21 |
J 90.65829, 65.37123| 0.126 | 0.116    | 8.83e+20 | 8.62e+20 | 3.96e+20 | 3.61e+20 | 1.28e+21 | 1.22e+21 |
J 91.45400, -27.91113| 0.030 | 0.031    | 2.35e+20 | 2.39e+20 | 2.32e+19 | 2.39e+19 | 2.58e+20 | 2.63e+20 |
J 91.42189, -86.63162| 0.147 | 0.147    | 1.01e+21 | 1.02e+21 | 5.14e+20 | 5.15e+20 | 1.53e+21 | 1.53e+21 |
J 92.52727, -62.72009| 0.052 | 0.049    | 4.49e+20 | 4.46e+20 | 8.28e+19 | 7.81e+19 | 5.32e+20 | 5.24e+20 |
J 92.16131, -62.78786| 0.050 | 0.050    | 4.35e+20 | 4.47e+20 | 7.73e+19 | 7.89e+19 | 5.12e+20 | 5.26e+20 |
J 93.11215, -46.78846| 0.059 | 0.057    | 4.19e+20 | 4.08e+20 | 8.76e+19 | 8.23e+19 | 5.07e+20 | 4.90e+20 |
J 93.90148, 71.03748| 0.181 | 0.179    | 9.52e+20 | 9.67e+20 | 5.81e+20 | 5.81e+20 | 1.53e+21 | 1.55e+21 |
J 95.78208, -64.60575| 0.058 | 0.059    | 3.87e+20 | 3.89e+20 | 8.02e+19 | 8.13e+19 | 4.68e+20 | 4.70e+20 |
J 95.89635, 64.76015| 0.113 | 0.111    | 7.61e+20 | 7.51e+20 | 3.13e+20 | 3.05e+20 | 1.07e+21 | 1.06e+21 |
J 95.93981, -60.97901| 0.050 | 0.052    | 3.92e+20 | 4.08e+20 | 6.92e+19 | 7.53e+19 | 4.61e+20 | 4.83e+20 |
J 95.94340, -32.21649| 0.050 | 0.050    | 3.87e+20 | 3.84e+20 | 6.87e+19 | 6.73e+19 | 4.55e+20 | 4.52e+20 |
J 96.61257, 7.45800 | 0.684 | 0.687    | 5.25e+21 | 5.24e+21 | 1.44e+21 | 1.44e+21 | 6.69e+21 | 6.68e+21 |
J 96.74414, -37.09960| 0.083 | 0.082    | 7.03e+20 | 6.99e+20 | 2.13e+20 | 2.11e+20 | 9.16e+20 | 9.11e+20 |
J 98.19656, 63.67371| 0.098 | 0.095    | 6.91e+20 | 6.86e+20 | 2.48e+20 | 2.40e+20 | 9.39e+20 | 9.25e+20 |
J 97.60648, 63.67813| 0.099 | 0.098    | 6.91e+20 | 6.89e+20 | 2.50e+20 | 2.48e+20 | 9.42e+20 | 9.36e+20 |
J 98.51484, -74.77713| 0.112 | 0.113    | 8.16e+20 | 8.07e+20 | 3.31e+20 | 3.30e+20 | 1.15e+21 | 1.14e+21 |
J 98.94383, -75.27132| 0.111 | 0.107    | 8.14e+20 | 7.82e+20 | 3.27e+20 | 3.03e+20 | 1.14e+21 | 1.08e+21 |
J 100.04871, -25.89528| 0.101 | 0.095    | 1.11e+21 | 1.07e+21 | 3.98e+20 | 3.65e+20 | 1.51e+21 | 1.43e+21 |
J 100.05620, -47.69299| 0.093 | 0.097    | 5.91e+20 | 6.11e+20 | 2.01e+20 | 2.17e+20 | 7.92e+20 | 8.28e+20 |
J 100.15842, -43.35571| 0.078 | 0.075    | 5.79e+20 | 5.54e+20 | 1.66e+20 | 1.52e+20 | 7.45e+20 | 7.06e+20 |
J 100.32509, 32.82549| 0.159 | 0.159    | 1.61e+21 | 1.59e+21 | 7.81e+20 | 7.73e+20 | 2.39e+21 | 2.36e+21 |
J 101.61085, 53.07555| 0.076 | 0.076    | 7.64e+20 | 7.60e+20 | 2.14e+20 | 2.12e+20 | 9.78e+20 | 9.72e+20 |
J 103.05136, 74.42699| 0.108 | 0.116    | 6.32e+20 | 6.89e+20 | 2.51e+20 | 2.91e+20 | 8.83e+20 | 9.80e+20 |
J 103.64245, 7.05581| 0.286 | 0.286    | 2.85e+21 | 2.91e+21 | 1.34e+21 | 1.34e+21 | 4.19e+21 | 4.25e+21 |
J 103.95636, 40.00032| 0.091 | 0.087    | 9.16e+20 | 8.76e+20 | 3.05e+20 | 2.79e+20 | 1.22e+21 | 1.15e+21 |
J 104.04973, -49.33056| 0.072 | 0.072    | 3.90e+20 | 3.93e+20 | 1.02e+20 | 1.01e+20 | 4.92e+20 | 4.94e+20 |
J 104.79448, 24.02784| 0.063 | 0.066    | 7.82e+20 | 8.03e+20 | 1.81e+20 | 1.96e+20 | 9.63e+20 | 9.98e+20 |
J 105.29261, -32.58138| 0.173 | 0.174    | 1.50e+21 | 1.53e+21 | 7.90e+20 | 8.02e+20 | 2.29e+21 | 2.33e+21 |
J 106.80455, 64.59972| 0.046 | 0.045    | 4.05e+20 | 3.90e+20 | 6.53e+19 | 6.07e+19 | 4.70e+20 | 4.51e+20 |
J 107.18024, -46.71363| 0.113 | 0.114    | 6.28e+20 | 6.42e+20 | 2.60e+20 | 2.67e+20 | 8.88e+20 | 9.09e+20 |
J 107.30215, -15.45100| 0.688 | 0.686    | 5.73e+21 | 5.81e+21 | 1.44e+21 | 1.44e+21 | 7.17e+21 | 7.25e+21 |
J 107.30876, -36.02276| 0.360 | 0.426    | 1.68e+21 | 1.70e+21 | 1.23e+21 | 1.30e+21 | 2.91e+21 | 3.00e+21 |
J 107.62527, 59.13899| 0.047 | 0.046    | 4.48e+20 | 4.44e+20 | 7.49e+19 | 7.18e+19 | 5.23e+20 | 5.15e+20 |
J 108.51604, 35.27927| 0.057 | 0.057    | 5.61e+20 | 5.56e+20 | 1.15e+20 | 1.14e+20 | 6.76e+20 | 6.70e+20 |
J 108.56284, 45.69885| 0.088 | 0.087    | 8.54e+20 | 8.64e+20 | 2.74e+20 | 2.75e+20 | 1.13e+21 | 1.14e+21 |
J 108.65410, -25.29030| 0.424 | 0.413    | 3.47e+21 | 3.44e+21 | 1.43e+21 | 1.43e+21 | 4.90e+21 | 4.87e+21 |
J 109.50251, 44.09088| 0.081 | 0.079    | 8.33e+20 | 8.41e+20 | 2.47e+20 | 2.45e+20 | 1.08e+21 | 1.09e+21 |
J 110.97114, -8.10396| 0.330 | 0.309    | 3.57e+21 | 3.46e+21 | 1.41e+21 | 1.39e+21 | 4.98e+21 | 4.86e+21 |
J 111.46098, -0.91572| 0.096 | 0.092    | 1.27e+21 | 1.25e+21 | 4.31e+20 | 4.08e+20 | 1.71e+21 | 1.66e+21 |
J 111.40526, 29.95416| 0.061 | 0.060    | 5.87e+20 | 5.92e+20 | 1.31e+20 | 1.29e+20 | 7.17e+20 | 7.20e+20 |
J 111.60974, -35.90607| 0.356 | 0.364    | 2.57e+21 | 2.60e+21 | 1.37e+21 | 1.37e+21 | 3.94e+21 | 3.97e+21 |
J 111.64725, 37.00077| 0.055 | 0.055    | 5.69e+20 | 5.54e+20 | 1.14e+20 | 1.11e+20 | 6.84e+20 | 6.66e+20 |
J 111.83772, -24.10898| 1.180 | 1.162    | 6.55e+21 | 6.50e+21 | 1.44e+21 | 1.44e+21 | 7.99e+21 | 7.94e+21 |
J 113.28835, 45.91841| 0.090 | 0.089    | 7.15e+20 | 7.30e+20 | 2.36e+20 | 2.38e+20 | 9.51e+20 | 9.68e+20 |
J 113.36163, 51.89887| 0.058 | 0.057    | 5.11e+20 | 5.12e+20 | 1.08e+20 | 1.05e+20 | 6.18e+20 | 6.17e+20 |
J 114.23760, 58.77041| 0.058 | 0.057    | 4.76e+20 | 4.66e+20 | 9.93e+19 | 9.49e+19 | 5.75e+20 | 5.61e+20 |
J 114.93610, -31.71737| 0.698 | 0.632    | 4.51e+21 | 4.31e+21 | 1.44e+21 | 1.44e+21 | 5.95e+21 | 5.75e+21 |
J 115.28836, -54.79604| 0.165 | 0.165    | 9.13e+20 | 8.95e+20 | 5.17e+20 | 5.09e+20 | 1.43e+21 | 1.40e+21 |
J 115.75577, 80.44058| 0.032 | 0.031    | 3.20e+20 | 3.15e+20 | 3.44e+19 | 3.30e+19 | 3.54e+20 | 3.48e+20 |
J 115.63673, 49.80969| 0.071 | 0.070    | 5.34e+20 | 5.27e+20 | 1.39e+20 | 1.34e+20 | 6.73e+20 | 6.61e+20 |
J 115.67376, 65.17710| 0.041 | 0.037    | 3.58e+20 | 3.44e+20 | 5.09e+19 | 4.37e+19 | 4.08e+20 | 3.88e+20 |
J 115.81137, -25.76402| 0.856 | 0.887    | 5.70e+21 | 5.80e+21 | 1.44e+21 | 1.44e+21 | 7.14e+21 | 7.24e+21 |
J 116.03801, 29.24746| 0.040 | 0.038    | 4.02e+20 | 3.83e+20 | 5.51e+19 | 4.99e+19 | 4.57e+20 | 4.33e+20 |
J 116.60779, 25.81731| 0.042 | 0.041    | 4.45e+20 | 4.47e+20 | 6.56e+19 | 6.49e+19 | 5.10e+20 | 5.12e+20 |
J 116.87113, 60.93357| 0.052 | 0.051    | 4.82e+20 | 4.74e+20 | 9.03e+19 | 8.62e+19 | 5.73e+20 | 5.61e+20 |
J 116.90979, -73.43142| 0.283 | 0.307    | 1.34e+21 | 1.39e+21 | 1.00e+21 | 1.06e+21 | 2.34e+21 | 2.46e+21 |
J 118.07435, 19.59510| 0.045 | 0.044    | 3.94e+20 | 3.91e+20 | 6.15e+19 | 6.07e+19 | 4.55e+20 | 4.52e+20 |
J 118.18418, 45.94930| 0.058 | 0.062    | 4.96e+20 | 5.07e+20 | 1.04e+20 | 1.14e+20 | 6.00e+20 | 6.21e+20 |
J 119.57177, 83.94358| 0.048 | 0.050    | 3.78e+20 | 3.86e+20 | 6.42e+19 | 6.75e+19 | 4.42e+20 | 4.53e+20 |
J 119.08175, -41.62837| 0.655 | 0.672    | 3.73e+21 | 3.89e+21 | 1.44e+21 | 1.44e+21 | 5.17e+21 | 5.33e+21 |
J 119.92425, -38.73223| 0.904 | 0.887    | 5.46e+21 | 5.36e+21 | 1.44e+21 | 1.44e+21 | 6.90e+21 | 6.80e+21 |
J 119.97272, 23.39010| 0.056 | 0.058    | 4.70e+20 | 4.66e+20 | 9.48e+19 | 9.68e+19 | 5.64e+20 | 5.63e+20 |
J 120.08740, 26.61351| 0.040 | 0.040    | 3.24e+20 | 3.23e+20 | 4.47e+19 | 4.46e+19 | 3.69e+20 | 3.68e+20 |
J 120.49154, -49.77844| 0.303 | 0.313    | 1.81e+21 | 1.90e+21 | 1.19e+21 | 1.22e+21 | 2.99e+21 | 3.12e+21 |
J 120.86409, 8.69787| 0.022 | 0.021    | 2.88e+20 | 2.81e+20 | 2.02e+19 | 1.89e+19 | 3.08e+20 | 2.99e+20 |
J 121.02438, 5.11385| 0.026 | 0.026    | 3.42e+20 | 3.45e+20 | 2.99e+19 | 3.04e+19 | 3.72e+20 | 3.75e+20 |
J 121.19327, 10.77668| 0.022 | 0.022    | 2.31e+20 | 2.23e+20 | 1.59e+19 | 1.51e+19 | 2.47e+20 | 2.38e+20 |
J 121.22077, -1.14664| 0.032 | 0.031    | 3.55e+20 | 3.41e+20 | 3.90e+19 | 3.60e+19 | 3.94e+20 | 3.77e+20 |
J 121.32558, 61.73993| 0.072 | 0.074    | 4.75e+20 | 4.64e+20 | 1.23e+20 | 1.24e+20 | 5.99e+20 | 5.88e+20 |
J 121.92082, 39.00424| 0.049 | 0.049    | 5.02e+20 | 5.06e+20 | 8.72e+19 | 8.78e+19 | 5.89e+20 | 5.94e+20 |
J 122.74436, 76.04513| 0.032 | 0.034    | 3.00e+20 | 3.16e+20 | 3.16e+19 | 3.58e+19 | 3.31e+20 | 3.51e+20 |
J 123.05838, -40.05667| 1.763 | 1.662    | 7.69e+21 | 7.16e+21 | 1.44e+21 | 1.44e+21 | 9.13e+21 | 8.60e+21 |
J 123.60556, 4.34247| 0.024 | 0.024    | 3.18e+20 | 3.22e+20 | 2.50e+19 | 2.55e+19 | 3.43e+20 | 3.48e+20 |
J 124.45497, 2.84983| 0.027 | 0.028    | 3.28e+20 | 3.40e+20 | 2.93e+19 | 3.19e+19 | 3.57e+20 | 3.71e+20 |
J 124.56113, 1.37422| 0.034 | 0.034    | 3.86e+20 | 3.91e+20 | 4.51e+19 | 4.61e+19 | 4.31e+20 | 4.37e+20 |
J 124.74053, -22.87672| 0.125 | 0.124    | 1.14e+21 | 1.13e+21 | 4.93e+20 | 4.86e+20 | 1.63e+21 | 1.61e+21 |
J 125.75454, -4.93487| 0.045 | 0.044    | 4.60e+20 | 4.66e+20 | 7.27e+19 | 7.32e+19 | 5.33e+20 | 5.39e+20 |
J 127.42781, 41.91024| 0.038 | 0.038    | 3.44e+20 | 3.43e+20 | 4.53e+19 | 4.48e+19 | 3.89e+20 | 3.88e+20 |
J 127.56893, -67.42480| 0.115 | 0.115    | 8.37e+20 | 8.47e+20 | 3.46e+20 | 3.51e+20 | 1.18e+21 | 1.20e+21 |
J 128.10561, 37.12673| 0.037 | 0.037    | 3.31e+20 | 3.33e+20 | 4.15e+19 | 4.16e+19 | 3.73e+20 | 3.74e+20 |
J 129.62821, -35.99260| 0.474 | 0.476    | 3.61e+21 | 3.65e+21 | 1.43e+21 | 1.44e+21 | 5.04e+21 | 5.08e+21 |
J 129.96077, -12.24287| 0.052 | 0.051    | 5.73e+20 | 5.68e+20 | 1.07e+20 | 1.04e+20 | 6.80e+20 | 6.72e+20 |
J 130.00982, 29.81739| 0.050 | 0.051    | 4.17e+20 | 4.23e+20 | 7.42e+19 | 7.65e+19 | 4.91e+20 | 5.00e+20 |
J 130.35150, 70.89506| 0.032 | 0.032    | 2.85e+20 | 2.83e+20 | 3.08e+19 | 3.03e+19 | 3.16e+20 | 3.13e+20 |
J 130.52322, 7.99043| 0.052 | 0.058    | 4.74e+20 | 5.22e+20 | 8.87e+19 | 1.08e+20 | 5.62e+20 | 6.30e+20 |
J 130.93744, 35.82843| 0.034 | 0.035    | 2.90e+20 | 2.90e+20 | 3.35e+19 | 3.41e+19 | 3.24e+20 | 3.24e+20 |
J 131.33905, -35.50672| 0.455 | 0.455    | 2.75e+21 | 2.71e+21 | 1.42e+21 | 1.41e+21 | 4.16e+21 | 4.12e+21 |
J 131.32712, 14.34280| 0.026 | 0.025    | 2.75e+20 | 2.60e+20 | 2.37e+19 | 2.12e+19 | 2.99e+20 | 2.81e+20 |
J 133.62195, -8.40763| 0.033 | 0.032    | 2.97e+20 | 2.92e+20 | 3.27e+19 | 3.16e+19 | 3.30e+20 | 3.23e+20 |
J 133.80242, 64.39595| 0.087 | 0.087    | 4.70e+20 | 4.74e+20 | 1.49e+20 | 1.51e+20 | 6.19e+20 | 6.24e+20 |
J 133.82276, -28.90593| 0.165 | 0.156    | 1.34e+21 | 1.29e+21 | 7.04e+20 | 6.54e+20 | 2.04e+21 | 1.94e+21 |
J 133.90830, 78.22330| 0.024 | 0.024    | 2.14e+20 | 2.18e+20 | 1.61e+19 | 1.69e+19 | 2.30e+20 | 2.35e+20 |
J 134.87702, 44.91396| 0.023 | 0.022    | 2.04e+20 | 1.98e+20 | 1.48e+19 | 1.38e+19 | 2.19e+20 | 2.12e+20 |
J 135.49335, 60.15174| 0.045 | 0.046    | 4.41e+20 | 4.37e+20 | 7.04e+19 | 7.05e+19 | 5.12e+20 | 5.07e+20 |
J 135.66443, -68.22680| 0.098 | 0.099    | 4.69e+20 | 4.63e+20 | 1.69e+20 | 1.67e+20 | 6.38e+20 | 6.31e+20 |
J 135.65548, -48.22605| 3.649 | 3.919    | 8.56e+21 | 8.78e+21 | 1.44e+21 | 1.44e+21 | 1.00e+22 | 1.02e+22 |
J 135.92871, -74.23806| 0.121 | 0.121    | 8.79e+20 | 8.91e+20 | 3.82e+20 | 3.86e+20 | 1.26e+21 | 1.28e+21 |
J 136.15399, 55.60074| 0.019 | 0.019    | 2.17e+20 | 2.16e+20 | 1.27e+19 | 1.24e+19 | 2.30e+20 | 2.29e+20 |
J 137.31647, 3.91189| 0.040 | 0.040    | 2.92e+20 | 2.85e+20 | 3.95e+19 | 3.87e+19 | 3.31e+20 | 3.23e+20 |
J 137.87502, 45.46829| 0.015 | 0.015    | 1.25e+20 | 1.23e+20 | 5.52e+18 | 5.31e+18 | 1.30e+20 | 1.28e+20 |
J 139.03902, -62.32489| 0.208 | 0.201    | 1.58e+21 | 1.58e+21 | 9.20e+20 | 9.02e+20 | 2.50e+21 | 2.48e+21 |
J 139.36338, -64.94085| 0.212 | 0.221    | 1.30e+21 | 1.33e+21 | 8.22e+20 | 8.58e+20 | 2.12e+21 | 2.18e+21 |
J 139.60834, 16.30549| 0.029 | 0.029    | 2.95e+20 | 2.97e+20 | 2.86e+19 | 2.90e+19 | 3.23e+20 | 3.26e+20 |
J 139.98061, 55.36032| 0.026 | 0.026    | 2.82e+20 | 2.92e+20 | 2.41e+19 | 2.46e+19 | 3.06e+20 | 3.16e+20 |
J 139.99148, 37.19104| 0.014 | 0.013    | 1.11e+20 | 1.08e+20 | 4.31e+18 | 4.06e+18 | 1.15e+20 | 1.12e+20 |
J 140.19274, -8.05610| 0.038 | 0.038    | 3.05e+20 | 3.02e+20 | 3.94e+19 | 3.87e+19 | 3.45e+20 | 3.40e+20 |
J 140.91202, -21.59642| 0.066 | 0.065    | 4.71e+20 | 4.65e+20 | 1.12e+20 | 1.10e+20 | 5.84e+20 | 5.75e+20 |
J 140.92915, 22.90906| 0.034 | 0.035    | 3.06e+20 | 3.12e+20 | 3.50e+19 | 3.65e+19 | 3.41e+20 | 3.49e+20 |
J 140.97389, -31.69194| 0.142 | 0.143    | 1.29e+21 | 1.33e+21 | 6.09e+20 | 6.29e+20 | 1.90e+21 | 1.96e+21 |
J 141.57376, -84.35933| 0.173 | 0.173    | 8.42e+20 | 8.26e+20 | 5.03e+20 | 4.95e+20 | 1.35e+21 | 1.32e+21 |
J 141.30355, 52.28622| 0.014 | 0.014    | 1.33e+20 | 1.30e+20 | 5.36e+18 | 5.07e+18 | 1.39e+20 | 1.35e+20 |
J 141.44810, 69.46485| 0.143 | 0.162    | 4.80e+20 | 4.89e+20 | 2.51e+20 | 2.89e+20 | 7.32e+20 | 7.78e+20 |
J 141.51362, 12.73439| 0.035 | 0.036    | 3.17e+20 | 3.22e+20 | 3.75e+19 | 3.96e+19 | 3.55e+20 | 3.61e+20 |
J 141.82710, 23.02008| 0.029 | 0.030    | 2.83e+20 | 2.85e+20 | 2.74e+19 | 2.79e+19 | 3.10e+20 | 3.13e+20 |
J 142.40783, 62.54406| 0.034 | 0.033    | 3.19e+20 | 3.18e+20 | 3.63e+19 | 3.52e+19 | 3.55e+20 | 3.54e+20 |
J 143.68147, -21.92779| 0.063 | 0.062    | 4.20e+20 | 4.06e+20 | 9.45e+19 | 9.05e+19 | 5.15e+20 | 4.96e+20 |
J 143.86287, 26.28602| 0.020 | 0.020    | 1.62e+20 | 1.62e+20 | 9.87e+18 | 9.87e+18 | 1.72e+20 | 1.71e+20 |
J 143.96499, 61.35326| 0.032 | 0.032    | 2.97e+20 | 3.01e+20 | 3.14e+19 | 3.26e+19 | 3.29e+20 | 3.33e+20 |
J 144.02616, -65.80938| 0.257 | 0.255    | 1.55e+21 | 1.54e+21 | 1.03e+21 | 1.02e+21 | 2.57e+21 | 2.56e+21 |
J 145.51994, 23.68528| 0.028 | 0.028    | 2.63e+20 | 2.61e+20 | 2.43e+19 | 2.42e+19 | 2.87e+20 | 2.85e+20 |
J 146.42477, -14.32630| 0.056 | 0.058    | 4.80e+20 | 4.87e+20 | 9.74e+19 | 1.02e+20 | 5.78e+20 | 5.89e+20 |
J 146.91720, -30.94889| 0.106 | 0.105    | 8.82e+20 | 8.70e+20 | 3.38e+20 | 3.32e+20 | 1.22e+21 | 1.20e+21 |
J 146.93810, 7.42239| 0.026 | 0.026    | 2.11e+20 | 2.11e+20 | 1.74e+19 | 1.72e+19 | 2.28e+20 | 2.28e+20 |
J 147.44145, 73.23972| 0.028 | 0.028    | 2.10e+20 | 2.14e+20 | 1.91e+19 | 1.89e+19 | 2.29e+20 | 2.33e+20 |
J 147.97928, -6.82292| 0.072 | 0.076    | 4.68e+20 | 4.95e+20 | 1.22e+20 | 1.37e+20 | 5.90e+20 | 6.32e+20 |
J 148.08524, -62.54323| 0.299 | 0.278    | 2.14e+21 | 2.18e+21 | 1.25e+21 | 1.23e+21 | 3.39e+21 | 3.41e+21 |
J 148.88845, 69.06522| 0.080 | 0.082    | 5.12e+20 | 5.55e+20 | 1.49e+20 | 1.66e+20 | 6.61e+20 | 7.22e+20 |
J 149.87310, -22.82631| 0.055 | 0.054    | 3.97e+20 | 3.88e+20 | 7.69e+19 | 7.47e+19 | 4.74e+20 | 4.63e+20 |
J 149.98269, 13.04385| 0.030 | 0.030    | 2.96e+20 | 2.89e+20 | 2.99e+19 | 2.87e+19 | 3.26e+20 | 3.18e+20 |
J 149.92769, -31.21625| 0.079 | 0.077    | 6.33e+20 | 6.03e+20 | 1.83e+20 | 1.71e+20 | 8.16e+20 | 7.74e+20 |
J 150.45634, 28.78583| 0.019 | 0.019    | 1.77e+20 | 1.76e+20 | 1.04e+19 | 1.03e+19 | 1.87e+20 | 1.87e+20 |
J 150.49079, 55.67983| 0.009 | 0.009    | 8.62e+19 | 8.85e+19 | 1.94e+18 | 2.09e+18 | 8.81e+19 | 9.06e+19 |
J 150.84834, -37.39583| 0.107 | 0.106    | 9.97e+20 | 9.69e+20 | 3.83e+20 | 3.70e+20 | 1.38e+21 | 1.34e+21 |
J 151.48074, -23.05691| 0.059 | 0.059    | 4.55e+20 | 4.65e+20 | 9.61e+19 | 9.91e+19 | 5.52e+20 | 5.64e+20 |
J 151.80703, 65.58364| 0.064 | 0.064    | 3.81e+20 | 3.83e+20 | 8.67e+19 | 8.70e+19 | 4.67e+20 | 4.70e+20 |
J 152.20240, -9.91408| 0.061 | 0.063    | 5.14e+20 | 5.34e+20 | 1.14e+20 | 1.22e+20 | 6.28e+20 | 6.56e+20 |
J 152.45081, -42.81124| 0.151 | 0.154    | 1.01e+21 | 1.02e+21 | 5.23e+20 | 5.37e+20 | 1.53e+21 | 1.56e+21 |
J 153.33290, -35.98264| 0.111 | 0.114    | 8.40e+20 | 8.60e+20 | 3.38e+20 | 3.53e+20 | 1.18e+21 | 1.21e+21 |
J 154.32008, -4.08214| 0.040 | 0.040    | 3.81e+20 | 3.73e+20 | 5.35e+19 | 5.18e+19 | 4.35e+20 | 4.24e+20 |
J 155.26288, -2.61181| 0.045 | 0.044    | 4.06e+20 | 4.01e+20 | 6.43e+19 | 6.21e+19 | 4.70e+20 | 4.63e+20 |
J 154.99414, -2.57674| 0.044 | 0.043    | 4.00e+20 | 3.92e+20 | 6.14e+19 | 5.86e+19 | 4.61e+20 | 4.50e+20 |
J 155.41770, -3.45382| 0.045 | 0.044    | 4.14e+20 | 4.12e+20 | 6.47e+19 | 6.44e+19 | 4.78e+20 | 4.77e+20 |
J 155.87740, 19.86509| 0.023 | 0.022    | 1.98e+20 | 1.99e+20 | 1.41e+19 | 1.40e+19 | 2.12e+20 | 2.13e+20 |
J 157.44000, -38.34856| 0.075 | 0.074    | 5.95e+20 | 6.00e+20 | 1.63e+20 | 1.63e+20 | 7.58e+20 | 7.63e+20 |
J 157.84634, -42.06060| 0.115 | 0.117    | 8.69e+20 | 8.80e+20 | 3.59e+20 | 3.70e+20 | 1.23e+21 | 1.25e+21 |
J 157.82718, 50.89330| 0.014 | 0.014    | 1.21e+20 | 1.21e+20 | 4.84e+18 | 4.73e+18 | 1.26e+20 | 1.26e+20 |
J 157.97633, -14.28093| 0.069 | 0.069    | 5.48e+20 | 5.46e+20 | 1.37e+20 | 1.37e+20 | 6.84e+20 | 6.82e+20 |
J 157.96701, -34.85369| 0.091 | 0.090    | 6.75e+20 | 6.71e+20 | 2.26e+20 | 2.22e+20 | 9.01e+20 | 8.94e+20 |
J 158.18559, -28.61015| 0.060 | 0.061    | 4.22e+20 | 4.25e+20 | 9.04e+19 | 9.35e+19 | 5.12e+20 | 5.19e+20 |
J 158.59813, 73.01401| 0.102 | 0.111    | 5.16e+20 | 5.55e+20 | 1.93e+20 | 2.25e+20 | 7.09e+20 | 7.80e+20 |
J 158.31537, 52.87162| 0.018 | 0.018    | 1.32e+20 | 1.30e+20 | 7.12e+18 | 6.95e+18 | 1.39e+20 | 1.37e+20 |
J 159.68817, -49.78152| 0.437 | 0.458    | 2.22e+21 | 2.30e+21 | 1.38e+21 | 1.39e+21 | 3.60e+21 | 3.69e+21 |
J 160.09316, -46.42381| 0.178 | 0.170    | 1.21e+21 | 1.17e+21 | 6.88e+20 | 6.48e+20 | 1.90e+21 | 1.82e+21 |
J 160.25518, -17.57490| 0.047 | 0.049    | 4.07e+20 | 4.21e+20 | 6.72e+19 | 7.33e+19 | 4.74e+20 | 4.94e+20 |
J 160.53484, 0.70167| 0.050 | 0.051    | 3.86e+20 | 4.03e+20 | 6.76e+19 | 7.31e+19 | 4.54e+20 | 4.76e+20 |
J 160.86030, 11.09007| 0.027 | 0.027    | 2.47e+20 | 2.47e+20 | 2.19e+19 | 2.21e+19 | 2.69e+20 | 2.69e+20 |
J 161.03558, 70.40532| 0.042 | 0.043    | 2.57e+20 | 2.46e+20 | 3.62e+19 | 3.54e+19 | 2.93e+20 | 2.81e+20 |
J 161.20404, 38.18118| 0.015 | 0.015    | 1.24e+20 | 1.26e+20 | 5.53e+18 | 5.59e+18 | 1.30e+20 | 1.32e+20 |
J 161.21629, -60.41988| 2.628 | 2.623    | 1.27e+22 | 1.27e+22 | 1.44e+21 | 1.44e+21 | 1.42e+22 | 1.41e+22 |
J 161.67711, 25.93160| 0.033 | 0.035    | 2.50e+20 | 2.51e+20 | 2.74e+19 | 2.88e+19 | 2.77e+20 | 2.80e+20 |
J 162.09777, -25.16204| 0.078 | 0.078    | 6.19e+20 | 6.18e+20 | 1.78e+20 | 1.76e+20 | 7.97e+20 | 7.95e+20 |
J 162.37886, 22.96455| 0.028 | 0.028    | 1.79e+20 | 1.88e+20 | 1.60e+19 | 1.68e+19 | 1.95e+20 | 2.05e+20 |
J 162.81267, -17.00808| 0.048 | 0.046    | 4.30e+20 | 4.17e+20 | 7.27e+19 | 6.76e+19 | 5.03e+20 | 4.84e+20 |
J 162.90610, -17.12472| 0.046 | 0.045    | 4.15e+20 | 4.12e+20 | 6.75e+19 | 6.48e+19 | 4.83e+20 | 4.77e+20 |
J 163.13738, 10.60553| 0.028 | 0.026    | 2.49e+20 | 2.29e+20 | 2.28e+19 | 1.94e+19 | 2.72e+20 | 2.48e+20 |
J 164.93153, 65.06853| 0.027 | 0.030    | 1.90e+20 | 1.92e+20 | 1.64e+19 | 1.83e+19 | 2.07e+20 | 2.10e+20 |
J 165.25735, 11.04706| 0.023 | 0.023    | 2.07e+20 | 2.02e+20 | 1.49e+19 | 1.43e+19 | 2.22e+20 | 2.16e+20 |
J 165.91778, 37.49036| 0.016 | 0.016    | 1.75e+20 | 1.64e+20 | 8.22e+18 | 7.69e+18 | 1.83e+20 | 1.72e+20 |
J 165.90674, -23.49198| 0.069 | 0.070    | 5.51e+20 | 5.60e+20 | 1.39e+20 | 1.43e+20 | 6.90e+20 | 7.03e+20 |
J 166.11379, 38.20883| 0.018 | 0.018    | 1.91e+20 | 1.92e+20 | 1.05e+19 | 1.06e+19 | 2.01e+20 | 2.03e+20 |
J 166.49598, 58.94605| 0.008 | 0.008    | 6.18e+19 | 6.07e+19 | 1.23e+18 | 1.20e+18 | 6.30e+19 | 6.18e+19 |
J 166.40676, 58.85579| 0.008 | 0.008    | 6.18e+19 | 6.09e+19 | 1.23e+18 | 1.19e+18 | 6.30e+19 | 6.21e+19 |
J 166.69775, 72.56866| 0.048 | 0.050    | 3.35e+20 | 3.45e+20 | 5.65e+19 | 5.97e+19 | 3.91e+20 | 4.04e+20 |
J 167.69999, -28.50102| 0.060 | 0.061    | 5.17e+20 | 5.26e+20 | 1.12e+20 | 1.17e+20 | 6.29e+20 | 6.43e+20 |
J 168.45734, 9.58630| 0.024 | 0.024    | 2.24e+20 | 2.23e+20 | 1.74e+19 | 1.73e+19 | 2.41e+20 | 2.40e+20 |
J 168.51096, 20.38835| 0.021 | 0.021    | 1.32e+20 | 1.38e+20 | 8.23e+18 | 8.80e+18 | 1.40e+20 | 1.46e+20 |
J 168.68329, 79.72668| 0.041 | 0.041    | 3.59e+20 | 3.70e+20 | 5.06e+19 | 5.27e+19 | 4.10e+20 | 4.23e+20 |
J 168.83307, 54.38791| 0.011 | 0.011    | 7.68e+19 | 7.82e+19 | 2.29e+18 | 2.35e+18 | 7.91e+19 | 8.06e+19 |
J 169.90841, 51.55433| 0.016 | 0.016    | 1.26e+20 | 1.26e+20 | 5.68e+18 | 5.69e+18 | 1.32e+20 | 1.32e+20 |
J 170.20007, -43.26397| 0.097 | 0.097    | 7.57e+20 | 7.62e+20 | 2.67e+20 | 2.69e+20 | 1.02e+21 | 1.03e+21 |
J 171.40062, 54.38253| 0.014 | 0.014    | 1.02e+20 | 1.08e+20 | 3.92e+18 | 4.21e+18 | 1.06e+20 | 1.12e+20 |
J 171.70215, 35.25073| 0.023 | 0.022    | 2.20e+20 | 2.11e+20 | 1.57e+19 | 1.47e+19 | 2.36e+20 | 2.26e+20 |
J 171.81793, 19.15557| 0.020 | 0.020    | 1.41e+20 | 1.40e+20 | 8.61e+18 | 8.52e+18 | 1.50e+20 | 1.48e+20 |
J 172.52938, -14.82427| 0.037 | 0.037    | 3.39e+20 | 3.39e+20 | 4.29e+19 | 4.28e+19 | 3.81e+20 | 3.82e+20 |
J 172.96478, -12.53296| 0.034 | 0.035    | 3.43e+20 | 3.42e+20 | 4.00e+19 | 4.03e+19 | 3.83e+20 | 3.82e+20 |
J 173.14527, 53.06797| 0.012 | 0.013    | 1.05e+20 | 1.06e+20 | 3.60e+18 | 3.70e+18 | 1.09e+20 | 1.10e+20 |
J 173.20530, 10.29647| 0.036 | 0.036    | 3.32e+20 | 3.21e+20 | 4.06e+19 | 3.91e+19 | 3.72e+20 | 3.60e+20 |
J 173.24788, 10.39507| 0.035 | 0.035    | 3.29e+20 | 3.17e+20 | 3.94e+19 | 3.79e+19 | 3.68e+20 | 3.55e+20 |
J 174.12535, 67.61788| 0.010 | 0.010    | 1.03e+20 | 1.09e+20 | 2.77e+18 | 2.90e+18 | 1.06e+20 | 1.12e+20 |
J 174.12223, 21.59611| 0.024 | 0.024    | 2.00e+20 | 2.00e+20 | 1.47e+19 | 1.48e+19 | 2.14e+20 | 2.14e+20 |
J 174.17521, -60.05172| 1.045 | 1.061    | 6.10e+21 | 6.33e+21 | 1.44e+21 | 1.44e+21 | 7.54e+21 | 7.77e+21 |
J 174.64036, 25.39812| 0.026 | 0.026    | 2.13e+20 | 2.12e+20 | 1.77e+19 | 1.79e+19 | 2.31e+20 | 2.30e+20 |
J 174.81304, 25.59940| 0.025 | 0.026    | 2.11e+20 | 2.12e+20 | 1.71e+19 | 1.76e+19 | 2.28e+20 | 2.29e+20 |
J 174.78733, 59.19855| 0.013 | 0.013    | 8.94e+19 | 9.41e+19 | 3.12e+18 | 3.36e+18 | 9.25e+19 | 9.75e+19 |
J 174.71252, -23.35980| 0.047 | 0.046    | 3.45e+20 | 3.30e+20 | 5.69e+19 | 5.24e+19 | 4.01e+20 | 3.82e+20 |
J 174.75713, -37.73861| 0.120 | 0.120    | 9.66e+20 | 9.91e+20 | 4.11e+20 | 4.22e+20 | 1.38e+21 | 1.41e+21 |
J 174.92713, 31.90943| 0.023 | 0.023    | 1.97e+20 | 2.03e+20 | 1.39e+19 | 1.45e+19 | 2.11e+20 | 2.17e+20 |
J 175.31734, 21.93937| 0.024 | 0.024    | 2.06e+20 | 2.02e+20 | 1.55e+19 | 1.51e+19 | 2.21e+20 | 2.17e+20 |
J 175.54622, 10.27784| 0.042 | 0.042    | 3.52e+20 | 3.67e+20 | 5.13e+19 | 5.30e+19 | 4.03e+20 | 4.20e+20 |
J 176.12446, 36.88572| 0.020 | 0.020    | 1.66e+20 | 1.65e+20 | 9.85e+18 | 9.84e+18 | 1.76e+20 | 1.75e+20 |
J 176.31642, 79.68150| 0.067 | 0.071    | 4.40e+20 | 4.42e+20 | 1.07e+20 | 1.13e+20 | 5.48e+20 | 5.55e+20 |
J 176.41860, -18.45414| 0.039 | 0.039    | 3.06e+20 | 3.05e+20 | 4.04e+19 | 4.05e+19 | 3.46e+20 | 3.46e+20 |
J 176.38804, 58.97815| 0.017 | 0.017    | 1.26e+20 | 1.31e+20 | 6.05e+18 | 6.47e+18 | 1.32e+20 | 1.38e+20 |
J 176.47344, -69.90049| 0.342 | 0.344    | 1.65e+21 | 1.62e+21 | 1.20e+21 | 1.19e+21 | 2.85e+21 | 2.81e+21 |
J 176.97948, 9.04135| 0.027 | 0.026    | 2.01e+20 | 1.97e+20 | 1.72e+19 | 1.61e+19 | 2.18e+20 | 2.13e+20 |
J 177.19139, 29.64121| 0.020 | 0.020    | 1.60e+20 | 1.56e+20 | 9.94e+18 | 9.30e+18 | 1.70e+20 | 1.65e+20 |
J 177.32782, -4.28077| 0.027 | 0.027    | 2.15e+20 | 2.18e+20 | 1.85e+19 | 1.89e+19 | 2.33e+20 | 2.36e+20 |
J 177.33966, 53.33703| 0.019 | 0.019    | 1.43e+20 | 1.45e+20 | 8.07e+18 | 8.36e+18 | 1.51e+20 | 1.53e+20 |
J 178.01479, -11.37337| 0.039 | 0.039    | 3.03e+20 | 3.07e+20 | 4.06e+19 | 4.10e+19 | 3.43e+20 | 3.48e+20 |
J 178.15904, -5.20701| 0.029 | 0.030    | 2.15e+20 | 2.16e+20 | 2.02e+19 | 2.13e+19 | 2.35e+20 | 2.37e+20 |
J 178.35197, 49.51914| 0.020 | 0.020    | 2.13e+20 | 2.07e+20 | 1.35e+19 | 1.28e+19 | 2.27e+20 | 2.20e+20 |
J 179.48389, 55.45361| 0.013 | 0.013    | 1.00e+20 | 1.01e+20 | 3.74e+18 | 3.78e+18 | 1.04e+20 | 1.05e+20 |
J 179.71925, 42.57033| 0.016 | 0.017    | 1.21e+20 | 1.22e+20 | 5.65e+18 | 5.84e+18 | 1.27e+20 | 1.28e+20 |
J 179.92089, -19.99016| 0.044 | 0.046    | 3.13e+20 | 3.24e+20 | 4.75e+19 | 5.15e+19 | 3.60e+20 | 3.76e+20 |
J 180.24144, 6.80640| 0.015 | 0.015    | 1.18e+20 | 1.18e+20 | 5.07e+18 | 5.05e+18 | 1.23e+20 | 1.23e+20 |
J 180.30981, -3.67816| 0.029 | 0.030    | 2.44e+20 | 2.50e+20 | 2.27e+19 | 2.43e+19 | 2.66e+20 | 2.74e+20 |
J 180.69843, -53.83550| 0.214 | 0.208    | 1.41e+21 | 1.38e+21 | 8.71e+20 | 8.47e+20 | 2.28e+21 | 2.23e+21 |
J 180.79003, 44.53131| 0.013 | 0.013    | 1.15e+20 | 1.15e+20 | 4.33e+18 | 4.38e+18 | 1.19e+20 | 1.20e+20 |
J 181.12362, 20.31631| 0.029 | 0.029    | 2.27e+20 | 2.30e+20 | 2.15e+19 | 2.19e+19 | 2.49e+20 | 2.52e+20 |
J 181.17548, 27.90330| 0.020 | 0.020    | 1.77e+20 | 1.77e+20 | 1.11e+19 | 1.10e+19 | 1.88e+20 | 1.88e+20 |
J 181.18052, 31.17727| 0.018 | 0.018    | 1.41e+20 | 1.35e+20 | 7.71e+18 | 7.13e+18 | 1.48e+20 | 1.42e+20 |
J 181.48338, 49.99897| 0.023 | 0.024    | 1.95e+20 | 1.98e+20 | 1.42e+19 | 1.47e+19 | 2.09e+20 | 2.13e+20 |
J 181.59603, 52.71103| 0.018 | 0.018    | 1.66e+20 | 1.68e+20 | 9.15e+18 | 9.09e+18 | 1.75e+20 | 1.78e+20 |
J 181.88719, 33.87781| 0.015 | 0.015    | 1.42e+20 | 1.36e+20 | 6.20e+18 | 5.76e+18 | 1.48e+20 | 1.42e+20 |
J 182.30881, 47.05836| 0.017 | 0.018    | 1.62e+20 | 1.66e+20 | 8.44e+18 | 9.24e+18 | 1.71e+20 | 1.75e+20 |
J 182.37417, 43.68531| 0.014 | 0.014    | 1.24e+20 | 1.25e+20 | 4.78e+18 | 4.89e+18 | 1.28e+20 | 1.30e+20 |
J 182.51687, -46.60753| 0.104 | 0.106    | 7.50e+20 | 7.53e+20 | 2.86e+20 | 2.92e+20 | 1.04e+21 | 1.04e+21 |
J 182.63571, 39.40585| 0.025 | 0.027    | 2.13e+20 | 2.30e+20 | 1.72e+19 | 1.98e+19 | 2.30e+20 | 2.50e+20 |
J 182.68447, 38.33617| 0.020 | 0.021    | 1.81e+20 | 1.84e+20 | 1.10e+19 | 1.18e+19 | 1.92e+20 | 1.96e+20 |
J 182.80952, -39.55742| 0.091 | 0.088    | 7.29e+20 | 6.88e+20 | 2.42e+20 | 2.22e+20 | 9.72e+20 | 9.09e+20 |
J 183.26279, 7.03892| 0.017 | 0.017    | 1.39e+20 | 1.39e+20 | 7.18e+18 | 7.12e+18 | 1.46e+20 | 1.46e+20 |
J 183.28878, 32.59636| 0.012 | 0.012    | 1.09e+20 | 1.07e+20 | 3.71e+18 | 3.69e+18 | 1.12e+20 | 1.10e+20 |
J 183.26587, 32.79354| 0.012 | 0.012    | 1.12e+20 | 1.08e+20 | 3.84e+18 | 3.72e+18 | 1.16e+20 | 1.12e+20 |
J 183.47742, -5.50544| 0.045 | 0.046    | 3.57e+20 | 3.54e+20 | 5.63e+19 | 5.62e+19 | 4.13e+20 | 4.11e+20 |
J 183.57428, 29.52870| 0.020 | 0.020    | 1.78e+20 | 1.77e+20 | 1.07e+19 | 1.08e+19 | 1.88e+20 | 1.88e+20 |
J 184.23806, -26.20917| 0.081 | 0.080    | 6.89e+20 | 6.91e+20 | 2.03e+20 | 2.03e+20 | 8.92e+20 | 8.93e+20 |
J 184.29117, 7.19161| 0.020 | 0.020    | 1.49e+20 | 1.45e+20 | 9.20e+18 | 8.80e+18 | 1.58e+20 | 1.53e+20 |
J 184.61048, 29.81294| 0.019 | 0.019    | 1.79e+20 | 1.78e+20 | 1.04e+19 | 1.05e+19 | 1.89e+20 | 1.89e+20 |
J 184.73959, 47.30401| 0.016 | 0.016    | 1.50e+20 | 1.60e+20 | 7.00e+18 | 7.80e+18 | 1.57e+20 | 1.67e+20 |
J 185.34143, 30.17698| 0.021 | 0.021    | 1.99e+20 | 1.94e+20 | 1.30e+19 | 1.24e+19 | 2.12e+20 | 2.06e+20 |
J 185.43372, 75.31064| 0.042 | 0.038    | 3.01e+20 | 2.80e+20 | 4.35e+19 | 3.59e+19 | 3.45e+20 | 3.16e+20 |
J 185.59394, 4.22105| 0.018 | 0.019    | 1.64e+20 | 1.63e+20 | 9.06e+18 | 9.18e+18 | 1.73e+20 | 1.73e+20 |
J 185.85057, 2.67903| 0.018 | 0.018    | 1.59e+20 | 1.58e+20 | 8.82e+18 | 8.67e+18 | 1.68e+20 | 1.66e+20 |
J 186.22692, 21.37957| 0.026 | 0.026    | 2.12e+20 | 2.09e+20 | 1.72e+19 | 1.74e+19 | 2.29e+20 | 2.27e+20 |
J 186.44491, 12.66216| 0.033 | 0.034    | 2.61e+20 | 2.58e+20 | 2.81e+19 | 2.88e+19 | 2.89e+20 | 2.87e+20 |
J 186.45365, 33.54691| 0.015 | 0.016    | 1.73e+20 | 1.85e+20 | 7.94e+18 | 8.66e+18 | 1.81e+20 | 1.93e+20 |
J 187.27791, 2.05239| 0.019 | 0.019    | 1.68e+20 | 1.67e+20 | 9.55e+18 | 9.48e+18 | 1.78e+20 | 1.77e+20 |
J 187.84246, 57.96462| 0.012 | 0.012    | 8.58e+19 | 8.30e+19 | 2.86e+18 | 2.69e+18 | 8.86e+19 | 8.57e+19 |
J 187.90476, -47.96723| 0.117 | 0.114    | 1.01e+21 | 9.90e+20 | 4.18e+20 | 4.02e+20 | 1.43e+21 | 1.39e+21 |
J 188.01509, 20.15821| 0.030 | 0.032    | 2.66e+20 | 2.75e+20 | 2.62e+19 | 2.91e+19 | 2.92e+20 | 3.04e+20 |
J 188.05006, -42.29737| 0.098 | 0.098    | 7.62e+20 | 7.57e+20 | 2.73e+20 | 2.70e+20 | 1.03e+21 | 1.03e+21 |
J 188.90265, -39.90935| 0.096 | 0.097    | 6.97e+20 | 7.04e+20 | 2.46e+20 | 2.49e+20 | 9.44e+20 | 9.53e+20 |
J 189.68094, 9.46017| 0.021 | 0.021    | 1.47e+20 | 1.44e+20 | 9.25e+18 | 9.09e+18 | 1.56e+20 | 1.53e+20 |
J 189.72749, -27.30780| 0.069 | 0.069    | 5.56e+20 | 5.45e+20 | 1.40e+20 | 1.38e+20 | 6.96e+20 | 6.83e+20 |
J 189.77619, -16.17978| 0.041 | 0.042    | 3.05e+20 | 3.02e+20 | 4.30e+19 | 4.31e+19 | 3.48e+20 | 3.45e+20 |
J 189.91434, -5.34416| 0.027 | 0.027    | 1.88e+20 | 1.89e+20 | 1.60e+19 | 1.63e+19 | 2.04e+20 | 2.05e+20 |
J 189.96528, 34.97495| 0.015 | 0.015    | 1.40e+20 | 1.41e+20 | 6.12e+18 | 6.19e+18 | 1.46e+20 | 1.47e+20 |
J 190.43562, 35.06272| 0.015 | 0.014    | 1.44e+20 | 1.39e+20 | 6.17e+18 | 5.56e+18 | 1.50e+20 | 1.44e+20 |
J 190.19577, -33.56990| 0.080 | 0.077    | 6.08e+20 | 5.95e+20 | 1.78e+20 | 1.68e+20 | 7.85e+20 | 7.64e+20 |
J 190.19327, 27.56495| 0.015 | 0.015    | 1.24e+20 | 1.23e+20 | 5.37e+18 | 5.28e+18 | 1.29e+20 | 1.28e+20 |
J 190.35732, -57.83429| 0.634 | 0.638    | 3.06e+21 | 3.01e+21 | 1.44e+21 | 1.44e+21 | 4.50e+21 | 4.45e+21 |
J 191.66621, 54.53429| 0.016 | 0.015    | 1.41e+20 | 1.35e+20 | 6.44e+18 | 5.87e+18 | 1.48e+20 | 1.40e+20 |
J 191.99124, -58.50010| 0.652 | 0.598    | 3.20e+21 | 2.97e+21 | 1.44e+21 | 1.44e+21 | 4.64e+21 | 4.40e+21 |
J 193.05196, -13.41476| 0.052 | 0.052    | 3.45e+20 | 3.52e+20 | 6.24e+19 | 6.38e+19 | 4.07e+20 | 4.16e+20 |
J 193.33461, -41.63560| 0.117 | 0.116    | 8.51e+20 | 8.47e+20 | 3.57e+20 | 3.55e+20 | 1.21e+21 | 1.20e+21 |
J 193.73477, -26.95054| 0.078 | 0.079    | 6.52e+20 | 6.59e+20 | 1.87e+20 | 1.91e+20 | 8.39e+20 | 8.50e+20 |
J 194.04648, -5.78936| 0.032 | 0.032    | 2.01e+20 | 2.05e+20 | 2.08e+19 | 2.12e+19 | 2.22e+20 | 2.26e+20 |
J 195.02229, 16.53745| 0.031 | 0.030    | 2.04e+20 | 1.98e+20 | 2.02e+19 | 1.90e+19 | 2.24e+20 | 2.17e+20 |
J 195.74517, 16.40771| 0.026 | 0.026    | 1.94e+20 | 1.89e+20 | 1.60e+19 | 1.53e+19 | 2.10e+20 | 2.04e+20 |
J 195.99789, 53.79163| 0.017 | 0.018    | 1.54e+20 | 1.69e+20 | 7.91e+18 | 9.36e+18 | 1.62e+20 | 1.78e+20 |
J 196.05457, -5.55160| 0.036 | 0.034    | 2.19e+20 | 2.17e+20 | 2.56e+19 | 2.43e+19 | 2.44e+20 | 2.41e+20 |
J 196.05968, -10.33950| 0.047 | 0.046    | 3.25e+20 | 3.30e+20 | 5.24e+19 | 5.24e+19 | 3.78e+20 | 3.83e+20 |
J 196.36438, -49.46804| 0.189 | 0.189    | 1.38e+21 | 1.38e+21 | 7.95e+20 | 7.93e+20 | 2.18e+21 | 2.17e+21 |
J 196.38755, -10.55538| 0.048 | 0.048    | 3.22e+20 | 3.30e+20 | 5.34e+19 | 5.50e+19 | 3.76e+20 | 3.85e+20 |
J 196.60885, -40.41461| 0.109 | 0.106    | 8.04e+20 | 7.98e+20 | 3.19e+20 | 3.08e+20 | 1.12e+21 | 1.11e+21 |
J 196.80038, -40.40756| 0.109 | 0.106    | 8.02e+20 | 7.87e+20 | 3.18e+20 | 3.02e+20 | 1.12e+21 | 1.09e+21 |
J 197.27333, 11.63414| 0.027 | 0.027    | 1.98e+20 | 1.93e+20 | 1.72e+19 | 1.65e+19 | 2.16e+20 | 2.10e+20 |
J 197.68069, -55.86982| 0.488 | 0.472    | 2.33e+21 | 2.22e+21 | 1.40e+21 | 1.39e+21 | 3.74e+21 | 3.61e+21 |
J 197.65437, -56.44851| 0.489 | 0.527    | 2.36e+21 | 2.44e+21 | 1.41e+21 | 1.42e+21 | 3.77e+21 | 3.86e+21 |
J 197.73857, 8.62731| 0.030 | 0.029    | 2.16e+20 | 2.18e+20 | 2.06e+19 | 2.07e+19 | 2.37e+20 | 2.38e+20 |
J 198.27406, -11.12844| 0.046 | 0.047    | 2.61e+20 | 2.65e+20 | 4.07e+19 | 4.22e+19 | 3.02e+20 | 3.07e+20 |
J 198.45399, 36.89944| 0.012 | 0.012    | 1.17e+20 | 1.10e+20 | 4.08e+18 | 3.60e+18 | 1.21e+20 | 1.14e+20 |
J 198.36449, 36.59388| 0.011 | 0.011    | 1.06e+20 | 1.06e+20 | 3.25e+18 | 3.28e+18 | 1.09e+20 | 1.10e+20 |
J 198.82216, 44.40719| 0.019 | 0.019    | 1.50e+20 | 1.48e+20 | 8.42e+18 | 8.45e+18 | 1.58e+20 | 1.57e+20 |
J 199.22624, -71.92418| 0.272 | 0.278    | 1.61e+21 | 1.62e+21 | 1.08e+21 | 1.09e+21 | 2.69e+21 | 2.72e+21 |
J 200.24824, 8.97837| 0.025 | 0.025    | 1.70e+20 | 1.71e+20 | 1.30e+19 | 1.34e+19 | 1.83e+20 | 1.84e+20 |
J 200.60192, -16.72845| 0.079 | 0.079    | 5.21e+20 | 4.99e+20 | 1.51e+20 | 1.44e+20 | 6.72e+20 | 6.44e+20 |
J 201.36509, -43.01922| 0.125 | 0.123    | 8.26e+20 | 8.09e+20 | 3.70e+20 | 3.59e+20 | 1.20e+21 | 1.17e+21 |
J 202.80762, -25.40276| 0.067 | 0.068    | 4.80e+20 | 4.78e+20 | 1.16e+20 | 1.17e+20 | 5.96e+20 | 5.95e+20 |
J 203.01860, -5.16199| 0.031 | 0.031    | 2.15e+20 | 2.18e+20 | 2.16e+19 | 2.16e+19 | 2.37e+20 | 2.40e+20 |
J 203.16927, -77.84459| 0.231 | 0.208    | 1.00e+21 | 1.01e+21 | 7.27e+20 | 6.78e+20 | 1.73e+21 | 1.69e+21 |
J 203.35877, -34.01481| 0.058 | 0.059    | 4.11e+20 | 4.04e+20 | 8.57e+19 | 8.45e+19 | 4.96e+20 | 4.88e+20 |
J 203.66512, -23.44654| 0.096 | 0.101    | 6.67e+20 | 6.91e+20 | 2.34e+20 | 2.54e+20 | 9.01e+20 | 9.45e+20 |
J 203.95103, 2.99893| 0.025 | 0.025    | 1.89e+20 | 1.88e+20 | 1.47e+19 | 1.46e+19 | 2.03e+20 | 2.03e+20 |
J 203.97404, -34.29562| 0.057 | 0.059    | 3.93e+20 | 3.92e+20 | 7.98e+19 | 8.18e+19 | 4.73e+20 | 4.74e+20 |
J 204.41575, -12.95686| 0.073 | 0.074    | 5.16e+20 | 5.15e+20 | 1.38e+20 | 1.38e+20 | 6.54e+20 | 6.53e+20 |
J 204.56615, 4.54266| 0.027 | 0.028    | 2.07e+20 | 2.14e+20 | 1.78e+19 | 1.89e+19 | 2.25e+20 | 2.33e+20 |
J 205.30368, -14.64451| 0.066 | 0.068    | 4.96e+20 | 4.98e+20 | 1.20e+20 | 1.23e+20 | 6.16e+20 | 6.21e+20 |
J 205.27398, 67.67223| 0.017 | 0.017    | 1.36e+20 | 1.34e+20 | 6.65e+18 | 6.77e+18 | 1.43e+20 | 1.41e+20 |
J 205.29643, 30.37813| 0.016 | 0.016    | 1.37e+20 | 1.37e+20 | 6.51e+18 | 6.53e+18 | 1.43e+20 | 1.43e+20 |
J 205.53491, 35.65430| 0.011 | 0.010    | 9.34e+19 | 9.16e+19 | 2.66e+18 | 2.58e+18 | 9.60e+19 | 9.42e+19 |
J 206.06527, 19.56665| 0.021 | 0.021    | 1.73e+20 | 1.68e+20 | 1.15e+19 | 1.08e+19 | 1.85e+20 | 1.78e+20 |
J 206.32986, 41.71237| 0.008 | 0.008    | 9.53e+19 | 9.41e+19 | 2.02e+18 | 1.97e+18 | 9.73e+19 | 9.61e+19 |
J 206.61841, 19.37869| 0.022 | 0.022    | 1.83e+20 | 1.84e+20 | 1.25e+19 | 1.25e+19 | 1.95e+20 | 1.97e+20 |
J 206.53532, 73.34815| 0.020 | 0.020    | 1.83e+20 | 1.82e+20 | 1.12e+19 | 1.10e+19 | 1.94e+20 | 1.93e+20 |
J 206.90003, -60.61774| 3.500 | 3.791    | 1.06e+22 | 1.15e+22 | 1.44e+21 | 1.44e+21 | 1.21e+22 | 1.30e+22 |
J 206.82824, 2.18271| 0.026 | 0.026    | 1.69e+20 | 1.69e+20 | 1.40e+19 | 1.39e+19 | 1.83e+20 | 1.83e+20 |
J 207.33025, -30.30949| 0.059 | 0.059    | 4.59e+20 | 4.61e+20 | 9.65e+19 | 9.84e+19 | 5.56e+20 | 5.60e+20 |
J 207.47019, 2.07921| 0.028 | 0.028    | 1.81e+20 | 1.79e+20 | 1.61e+19 | 1.59e+19 | 1.97e+20 | 1.95e+20 |
J 207.87295, -18.22952| 0.085 | 0.083    | 6.93e+20 | 6.78e+20 | 2.17e+20 | 2.06e+20 | 9.10e+20 | 8.84e+20 |
J 208.26432, 69.30818| 0.018 | 0.017    | 1.63e+20 | 1.52e+20 | 8.76e+18 | 7.60e+18 | 1.72e+20 | 1.59e+20 |
J 208.36756, -11.38499| 0.061 | 0.061    | 3.86e+20 | 3.79e+20 | 8.42e+19 | 8.27e+19 | 4.70e+20 | 4.62e+20 |
J 208.56419, -37.77588| 0.077 | 0.079    | 6.15e+20 | 6.11e+20 | 1.74e+20 | 1.76e+20 | 7.88e+20 | 7.87e+20 |
J 208.62106, 13.46597| 0.024 | 0.025    | 1.64e+20 | 1.73e+20 | 1.24e+19 | 1.34e+19 | 1.76e+20 | 1.87e+20 |
J 208.89104, 35.34936| 0.013 | 0.013    | 1.22e+20 | 1.23e+20 | 4.52e+18 | 4.58e+18 | 1.26e+20 | 1.27e+20 |
J 208.97302, 38.57464| 0.019 | 0.019    | 1.43e+20 | 1.42e+20 | 8.14e+18 | 8.11e+18 | 1.51e+20 | 1.50e+20 |
J 209.01200, 18.37167| 0.027 | 0.027    | 2.01e+20 | 2.03e+20 | 1.75e+19 | 1.75e+19 | 2.19e+20 | 2.20e+20 |
J 209.15297, -19.52910| 0.081 | 0.084    | 6.08e+20 | 6.17e+20 | 1.81e+20 | 1.89e+20 | 7.89e+20 | 8.06e+20 |
J 212.02827, -30.39832| 0.062 | 0.062    | 3.60e+20 | 3.62e+20 | 7.96e+19 | 8.01e+19 | 4.39e+20 | 4.42e+20 |
J 212.68671, -42.47584| 0.082 | 0.082    | 5.42e+20 | 5.57e+20 | 1.63e+20 | 1.68e+20 | 7.05e+20 | 7.26e+20 |
J 213.29152, -65.33909| 0.808 | 0.791    | 5.50e+21 | 5.58e+21 | 1.44e+21 | 1.44e+21 | 6.94e+21 | 7.02e+21 |
J 213.31199, -3.20767| 0.056 | 0.056    | 4.01e+20 | 4.08e+20 | 7.93e+19 | 8.14e+19 | 4.80e+20 | 4.89e+20 |
J 214.20836, -11.98279| 0.072 | 0.070    | 5.79e+20 | 5.63e+20 | 1.53e+20 | 1.44e+20 | 7.32e+20 | 7.07e+20 |
J 214.26526, -46.69478| 0.126 | 0.124    | 8.08e+20 | 8.22e+20 | 3.65e+20 | 3.65e+20 | 1.17e+21 | 1.19e+21 |
J 214.42894, 61.69797| 0.016 | 0.017    | 1.78e+20 | 1.80e+20 | 8.49e+18 | 9.15e+18 | 1.86e+20 | 1.89e+20 |
J 214.48613, 25.72412| 0.018 | 0.018    | 1.53e+20 | 1.54e+20 | 8.44e+18 | 8.41e+18 | 1.62e+20 | 1.63e+20 |
J 214.49811, 25.13685| 0.018 | 0.019    | 1.60e+20 | 1.55e+20 | 8.88e+18 | 8.67e+18 | 1.69e+20 | 1.64e+20 |
J 214.84335, -26.64475| 0.071 | 0.070    | 4.76e+20 | 4.69e+20 | 1.23e+20 | 1.20e+20 | 5.99e+20 | 5.89e+20 |
J 215.37397, 47.79016| 0.017 | 0.018    | 1.55e+20 | 1.64e+20 | 7.77e+18 | 8.83e+18 | 1.63e+20 | 1.73e+20 |
J 216.09551, 24.61419| 0.025 | 0.025    | 2.00e+20 | 1.90e+20 | 1.60e+19 | 1.48e+19 | 2.16e+20 | 2.05e+20 |
J 216.85436, 19.83118| 0.035 | 0.035    | 2.61e+20 | 2.59e+20 | 3.04e+19 | 3.03e+19 | 2.91e+20 | 2.90e+20 |
J 217.13588, 42.67250| 0.012 | 0.012    | 1.11e+20 | 1.13e+20 | 3.65e+18 | 3.68e+18 | 1.14e+20 | 1.16e+20 |
J 217.27740, 1.28503| 0.033 | 0.034    | 2.60e+20 | 2.60e+20 | 2.86e+19 | 2.90e+19 | 2.88e+20 | 2.89e+20 |
J 217.76993, 28.28727| 0.017 | 0.018    | 1.50e+20 | 1.50e+20 | 7.75e+18 | 7.89e+18 | 1.57e+20 | 1.58e+20 |
J 218.16963, -44.17443| 0.157 | 0.157    | 7.81e+20 | 8.01e+20 | 4.33e+20 | 4.42e+20 | 1.21e+21 | 1.24e+21 |
J 218.46784, 5.45838| 0.033 | 0.033    | 2.47e+20 | 2.48e+20 | 2.67e+19 | 2.70e+19 | 2.73e+20 | 2.75e+20 |
J 218.71857, 48.66187| 0.027 | 0.030    | 2.67e+20 | 2.86e+20 | 2.38e+19 | 2.80e+19 | 2.91e+20 | 3.15e+20 |
J 219.09202, 58.79430| 0.009 | 0.009    | 1.15e+20 | 1.15e+20 | 2.68e+18 | 2.66e+18 | 1.18e+20 | 1.17e+20 |
J 219.20675, -16.22812| 0.118 | 0.120    | 7.45e+20 | 7.59e+20 | 3.19e+20 | 3.29e+20 | 1.06e+21 | 1.09e+21 |
J 219.79946, 14.25610| 0.020 | 0.020    | 1.41e+20 | 1.42e+20 | 8.55e+18 | 8.34e+18 | 1.50e+20 | 1.50e+20 |
J 220.15875, 53.50445| 0.011 | 0.011    | 1.04e+20 | 1.05e+20 | 3.01e+18 | 3.14e+18 | 1.07e+20 | 1.09e+20 |
J 220.59947, -17.25302| 0.097 | 0.098    | 7.35e+20 | 7.36e+20 | 2.62e+20 | 2.65e+20 | 9.97e+20 | 1.00e+21 |
J 221.40353, 27.03488| 0.026 | 0.026    | 2.50e+20 | 2.50e+20 | 2.11e+19 | 2.07e+19 | 2.72e+20 | 2.71e+20 |
J 221.61747, -64.27322| 0.766 | 0.787    | 3.72e+21 | 3.83e+21 | 1.44e+21 | 1.44e+21 | 5.16e+21 | 5.27e+21 |
J 222.21241, -40.14605| 0.104 | 0.106    | 7.19e+20 | 7.22e+20 | 2.73e+20 | 2.79e+20 | 9.92e+20 | 1.00e+21 |
J 223.74052, 85.91636| 0.149 | 0.162    | 5.24e+20 | 5.47e+20 | 2.86e+20 | 3.21e+20 | 8.09e+20 | 8.68e+20 |
J 222.88810, -55.67731| 1.093 | 1.089    | 4.70e+21 | 4.64e+21 | 1.44e+21 | 1.44e+21 | 6.14e+21 | 6.08e+21 |
J 222.30311, -55.60570| 0.965 | 0.995    | 4.30e+21 | 4.43e+21 | 1.44e+21 | 1.44e+21 | 5.74e+21 | 5.87e+21 |
J 223.28302, 25.90920| 0.036 | 0.036    | 3.13e+20 | 3.26e+20 | 3.79e+19 | 4.01e+19 | 3.51e+20 | 3.66e+20 |
J 223.82294, -51.57088| 0.596 | 0.605    | 2.87e+21 | 2.91e+21 | 1.43e+21 | 1.44e+21 | 4.31e+21 | 4.34e+21 |
J 224.42158, -43.13206| 0.133 | 0.138    | 8.56e+20 | 8.78e+20 | 4.04e+20 | 4.28e+20 | 1.26e+21 | 1.31e+21 |
J 224.78163, 71.67218| 0.022 | 0.022    | 2.27e+20 | 2.27e+20 | 1.57e+19 | 1.58e+19 | 2.42e+20 | 2.42e+20 |
J 226.00496, 10.43773| 0.033 | 0.033    | 2.19e+20 | 2.22e+20 | 2.32e+19 | 2.39e+19 | 2.43e+20 | 2.46e+20 |
J 226.48564, 3.70731| 0.047 | 0.046    | 3.92e+20 | 3.80e+20 | 6.51e+19 | 6.10e+19 | 4.57e+20 | 4.41e+20 |
J 226.68387, 3.86231| 0.044 | 0.044    | 3.72e+20 | 3.73e+20 | 5.67e+19 | 5.77e+19 | 4.28e+20 | 4.31e+20 |
J 227.16180, -49.88392| 0.437 | 0.395    | 2.10e+21 | 2.04e+21 | 1.37e+21 | 1.33e+21 | 3.46e+21 | 3.38e+21 |
J 227.22482, -0.19697| 0.062 | 0.061    | 4.79e+20 | 4.79e+20 | 1.06e+20 | 1.05e+20 | 5.85e+20 | 5.84e+20 |
J 227.99919, -21.31710| 0.130 | 0.131    | 8.34e+20 | 8.32e+20 | 3.89e+20 | 3.89e+20 | 1.22e+21 | 1.22e+21 |
J 227.95288, -10.84013| 0.108 | 0.107    | 8.14e+20 | 8.20e+20 | 3.20e+20 | 3.18e+20 | 1.13e+21 | 1.14e+21 |
J 228.02111, -10.77658| 0.108 | 0.107    | 8.10e+20 | 8.13e+20 | 3.17e+20 | 3.15e+20 | 1.13e+21 | 1.13e+21 |
J 228.21054, -9.09995| 0.096 | 0.096    | 6.99e+20 | 6.89e+20 | 2.46e+20 | 2.43e+20 | 9.45e+20 | 9.32e+20 |
J 228.67491, -81.39388| 0.261 | 0.273    | 9.38e+20 | 9.35e+20 | 7.58e+20 | 7.80e+20 | 1.70e+21 | 1.71e+21 |
J 228.76356, 42.04982| 0.024 | 0.025    | 1.70e+20 | 1.80e+20 | 1.24e+19 | 1.39e+19 | 1.83e+20 | 1.94e+20 |
J 229.89030, 65.59961| 0.027 | 0.027    | 2.52e+20 | 2.64e+20 | 2.18e+19 | 2.32e+19 | 2.74e+20 | 2.87e+20 |
J 230.41529, 3.62479| 0.044 | 0.045    | 3.55e+20 | 3.51e+20 | 5.45e+19 | 5.49e+19 | 4.10e+20 | 4.06e+20 |
J 230.94114, 63.65675| 0.018 | 0.018    | 1.51e+20 | 1.48e+20 | 8.00e+18 | 7.75e+18 | 1.59e+20 | 1.56e+20 |
J 232.49302, -13.01103| 0.140 | 0.139    | 9.18e+20 | 9.09e+20 | 4.53e+20 | 4.45e+20 | 1.37e+21 | 1.35e+21 |
J 233.33624, -8.70053| 0.129 | 0.129    | 8.15e+20 | 8.17e+20 | 3.77e+20 | 3.79e+20 | 1.19e+21 | 1.20e+21 |
J 233.96834, 57.90264| 0.013 | 0.013    | 1.69e+20 | 1.76e+20 | 6.38e+18 | 6.91e+18 | 1.75e+20 | 1.83e+20 |
J 235.59991, -14.18490| 0.152 | 0.152    | 9.74e+20 | 9.61e+20 | 5.11e+20 | 5.04e+20 | 1.48e+21 | 1.47e+21 |
J 236.60138, 69.48618| 0.030 | 0.032    | 3.07e+20 | 3.13e+20 | 3.07e+19 | 3.34e+19 | 3.38e+20 | 3.47e+20 |
J 236.93141, 20.87129| 0.049 | 0.048    | 3.84e+20 | 3.79e+20 | 6.62e+19 | 6.32e+19 | 4.50e+20 | 4.43e+20 |
J 237.12657, -64.02634| 0.212 | 0.216    | 1.94e+21 | 1.97e+21 | 1.04e+21 | 1.06e+21 | 2.99e+21 | 3.04e+21 |
J 237.10394, -13.75756| 0.162 | 0.160    | 1.03e+21 | 1.02e+21 | 5.63e+20 | 5.52e+20 | 1.59e+21 | 1.57e+21 |
J 238.43163, 23.80705| 0.056 | 0.056    | 4.20e+20 | 4.16e+20 | 8.40e+19 | 8.28e+19 | 5.04e+20 | 4.99e+20 |
J 238.39473, 26.24486| 0.051 | 0.051    | 4.21e+20 | 4.18e+20 | 7.68e+19 | 7.61e+19 | 4.98e+20 | 4.94e+20 |
J 239.24533, -79.23452| 0.185 | 0.185    | 9.42e+20 | 9.18e+20 | 5.85e+20 | 5.74e+20 | 1.53e+21 | 1.49e+21 |
J 241.34690, -72.89898| 0.101 | 0.101    | 7.92e+20 | 7.94e+20 | 2.93e+20 | 2.91e+20 | 1.08e+21 | 1.08e+21 |
J 241.80803, 48.55734| 0.017 | 0.018    | 1.46e+20 | 1.55e+20 | 7.50e+18 | 8.43e+18 | 1.53e+20 | 1.63e+20 |
J 241.85098, 85.02966| 0.136 | 0.133    | 5.89e+20 | 5.93e+20 | 2.92e+20 | 2.87e+20 | 8.81e+20 | 8.80e+20 |
J 242.96416, -60.63196| 0.232 | 0.240    | 1.81e+21 | 1.83e+21 | 1.05e+21 | 1.08e+21 | 2.86e+21 | 2.91e+21 |
J 243.48824, 65.71944| 0.028 | 0.028    | 2.54e+20 | 2.41e+20 | 2.34e+19 | 2.18e+19 | 2.78e+20 | 2.62e+20 |
J 244.42724, 32.37622| 0.022 | 0.022    | 1.82e+20 | 1.79e+20 | 1.27e+19 | 1.22e+19 | 1.95e+20 | 1.91e+20 |
J 244.65196, -59.45480| 0.271 | 0.260    | 2.16e+21 | 2.07e+21 | 1.22e+21 | 1.18e+21 | 3.37e+21 | 3.25e+21 |
J 244.83046, 81.04650| 0.048 | 0.048    | 4.38e+20 | 4.55e+20 | 7.42e+19 | 7.80e+19 | 5.12e+20 | 5.33e+20 |
J 246.47210, 43.78721| 0.010 | 0.010    | 8.87e+19 | 8.52e+19 | 2.34e+18 | 2.30e+18 | 9.10e+19 | 8.75e+19 |
J 246.52515, -29.85740| 0.399 | 0.412    | 1.35e+21 | 1.36e+21 | 1.18e+21 | 1.20e+21 | 2.53e+21 | 2.55e+21 |
J 246.35805, 85.49494| 0.159 | 0.156    | 6.19e+20 | 6.22e+20 | 3.54e+20 | 3.49e+20 | 9.72e+20 | 9.72e+20 |
J 247.01691, 51.77542| 0.024 | 0.024    | 1.85e+20 | 1.83e+20 | 1.41e+19 | 1.36e+19 | 1.99e+20 | 1.96e+20 |
J 247.45160, 67.37834| 0.035 | 0.036    | 4.06e+20 | 3.97e+20 | 4.97e+19 | 4.97e+19 | 4.55e+20 | 4.47e+20 |
J 247.63608, 39.38422| 0.009 | 0.009    | 9.93e+19 | 9.36e+19 | 2.52e+18 | 2.22e+18 | 1.02e+20 | 9.58e+19 |
J 247.81473, 23.88271| 0.051 | 0.050    | 3.84e+20 | 3.77e+20 | 6.86e+19 | 6.66e+19 | 4.52e+20 | 4.43e+20 |
J 248.80834, -58.07996| 0.342 | 0.338    | 2.34e+21 | 2.28e+21 | 1.33e+21 | 1.32e+21 | 3.68e+21 | 3.60e+21 |
J 250.83447, 70.63256| 0.037 | 0.039    | 5.39e+20 | 5.66e+20 | 7.04e+19 | 7.81e+19 | 6.09e+20 | 6.45e+20 |
J 250.74505, 39.81027| 0.012 | 0.012    | 1.09e+20 | 1.14e+20 | 3.47e+18 | 3.74e+18 | 1.12e+20 | 1.17e+20 |
J 252.06354, -30.58450| 0.389 | 0.392    | 1.59e+21 | 1.63e+21 | 1.24e+21 | 1.25e+21 | 2.83e+21 | 2.88e+21 |
J 252.67814, 4.60510| 0.103 | 0.104    | 6.18e+20 | 6.16e+20 | 2.34e+20 | 2.36e+20 | 8.52e+20 | 8.52e+20 |
J 252.83447, -59.23451| 0.176 | 0.174    | 1.35e+21 | 1.34e+21 | 7.40e+20 | 7.35e+20 | 2.09e+21 | 2.08e+21 |
J 253.19304, -59.21695| 0.174 | 0.167    | 1.34e+21 | 1.29e+21 | 7.33e+20 | 6.92e+20 | 2.08e+21 | 1.99e+21 |
J 253.07871, 55.90558| 0.018 | 0.017    | 1.63e+20 | 1.65e+20 | 8.80e+18 | 8.64e+18 | 1.72e+20 | 1.74e+20 |
J 253.24540, 2.40102| 0.079 | 0.078    | 4.96e+20 | 4.87e+20 | 1.43e+20 | 1.39e+20 | 6.39e+20 | 6.26e+20 |
J 253.31274, 23.82858| 0.058 | 0.057    | 4.20e+20 | 4.17e+20 | 8.69e+19 | 8.42e+19 | 5.07e+20 | 5.01e+20 |
J 253.46759, 39.76018| 0.018 | 0.018    | 1.58e+20 | 1.55e+20 | 8.48e+18 | 8.53e+18 | 1.66e+20 | 1.64e+20 |
J 254.02337, -52.06135| 0.431 | 0.425    | 2.47e+21 | 2.46e+21 | 1.39e+21 | 1.39e+21 | 3.86e+21 | 3.85e+21 |
J 254.06992, -33.03686| 0.504 | 0.515    | 1.93e+21 | 1.97e+21 | 1.38e+21 | 1.39e+21 | 3.31e+21 | 3.35e+21 |
J 257.24633, 21.88560| 0.063 | 0.063    | 5.22e+20 | 5.28e+20 | 1.19e+20 | 1.20e+20 | 6.41e+20 | 6.48e+20 |
J 259.24812, -62.82056| 0.101 | 0.098    | 7.96e+20 | 7.79e+20 | 2.94e+20 | 2.78e+20 | 1.09e+21 | 1.06e+21 |
J 259.81042, 48.98039| 0.019 | 0.019    | 1.70e+20 | 1.67e+20 | 1.00e+19 | 9.81e+18 | 1.80e+20 | 1.77e+20 |
J 260.50797, 43.25667| 0.022 | 0.023    | 1.86e+20 | 1.91e+20 | 1.27e+19 | 1.37e+19 | 1.99e+20 | 2.05e+20 |
J 260.83665, 34.29945| 0.035 | 0.035    | 3.03e+20 | 3.00e+20 | 3.55e+19 | 3.54e+19 | 3.39e+20 | 3.36e+20 |
J 260.84668, 36.50283| 0.044 | 0.046    | 3.91e+20 | 3.89e+20 | 6.02e+19 | 6.27e+19 | 4.51e+20 | 4.52e+20 |
J 262.80575, 14.71551| 0.100 | 0.098    | 6.60e+20 | 6.44e+20 | 2.42e+20 | 2.32e+20 | 9.01e+20 | 8.76e+20 |
J 263.40365, 36.52552| 0.036 | 0.037    | 3.04e+20 | 3.07e+20 | 3.71e+19 | 3.82e+19 | 3.41e+20 | 3.46e+20 |
J 264.36829, -29.13391| 2.837 | 2.965    | 7.32e+21 | 7.57e+21 | 1.44e+21 | 1.44e+21 | 8.76e+21 | 9.01e+21 |
J 264.46691, -60.06660| 0.085 | 0.085    | 5.99e+20 | 6.00e+20 | 1.86e+20 | 1.87e+20 | 7.86e+20 | 7.87e+20 |
J 264.41279, -59.94072| 0.089 | 0.086    | 6.10e+20 | 6.02e+20 | 1.99e+20 | 1.90e+20 | 8.09e+20 | 7.93e+20 |
J 265.48024, -12.19904| 0.651 | 0.637    | 2.04e+21 | 2.00e+21 | 1.42e+21 | 1.42e+21 | 3.46e+21 | 3.42e+21 |
J 265.50624, -60.92008| 0.082 | 0.080    | 6.02e+20 | 5.84e+20 | 1.81e+20 | 1.70e+20 | 7.83e+20 | 7.54e+20 |
J 265.52896, 18.45585| 0.069 | 0.068    | 5.52e+20 | 5.51e+20 | 1.39e+20 | 1.37e+20 | 6.92e+20 | 6.88e+20 |
J 265.82253, 62.83922| 0.032 | 0.032    | 2.96e+20 | 2.95e+20 | 3.21e+19 | 3.17e+19 | 3.28e+20 | 3.27e+20 |
J 266.40944, 29.13949| 0.054 | 0.055    | 5.05e+20 | 5.11e+20 | 9.79e+19 | 1.01e+20 | 6.03e+20 | 6.13e+20 |
J 266.87277, -22.87883| 1.183 | 1.176    | 3.05e+21 | 3.01e+21 | 1.44e+21 | 1.44e+21 | 4.49e+21 | 4.45e+21 |
J 267.15956, 68.70453| 0.038 | 0.039    | 3.99e+20 | 4.03e+20 | 5.32e+19 | 5.38e+19 | 4.53e+20 | 4.56e+20 |
J 266.74814, 68.60852| 0.039 | 0.039    | 4.00e+20 | 4.06e+20 | 5.45e+19 | 5.58e+19 | 4.55e+20 | 4.62e+20 |
J 267.22974, -32.91461| 2.127 | 1.897    | 4.71e+21 | 4.36e+21 | 1.44e+21 | 1.44e+21 | 6.15e+21 | 5.80e+21 |
J 267.98255, -60.32870| 0.094 | 0.094    | 6.89e+20 | 6.95e+20 | 2.37e+20 | 2.40e+20 | 9.26e+20 | 9.35e+20 |
J 270.03028, 66.61509| 0.044 | 0.044    | 3.93e+20 | 3.94e+20 | 6.00e+19 | 6.04e+19 | 4.53e+20 | 4.54e+20 |
J 270.69743, -14.91524| 1.481 | 1.504    | 4.44e+21 | 4.49e+21 | 1.44e+21 | 1.44e+21 | 5.88e+21 | 5.93e+21 |
J 271.95796, 11.34698| 0.134 | 0.133    | 7.49e+20 | 7.43e+20 | 3.61e+20 | 3.55e+20 | 1.11e+21 | 1.10e+21 |
J 274.04887, 42.66157| 0.045 | 0.043    | 3.12e+20 | 3.14e+20 | 4.82e+19 | 4.67e+19 | 3.60e+20 | 3.60e+20 |
J 275.48844, 64.34339| 0.041 | 0.041    | 3.49e+20 | 3.44e+20 | 4.95e+19 | 4.87e+19 | 3.98e+20 | 3.93e+20 |
J 275.36189, 59.92252| 0.044 | 0.044    | 3.41e+20 | 3.39e+20 | 5.22e+19 | 5.22e+19 | 3.93e+20 | 3.92e+20 |
J 276.08076, -56.36910| 0.108 | 0.104    | 7.44e+20 | 7.23e+20 | 2.93e+20 | 2.75e+20 | 1.04e+21 | 9.98e+20 |
J 276.04511, 18.76909| 0.222 | 0.218    | 1.78e+21 | 1.74e+21 | 1.02e+21 | 1.00e+21 | 2.81e+21 | 2.74e+21 |
J 276.37373, 72.15108| 0.061 | 0.060    | 5.05e+20 | 5.06e+20 | 1.11e+20 | 1.10e+20 | 6.16e+20 | 6.15e+20 |
J 276.48998, -7.17299| 2.096 | 2.030    | 6.43e+21 | 6.24e+21 | 1.44e+21 | 1.44e+21 | 7.87e+21 | 7.68e+21 |
J 276.63504, 32.85824| 0.082 | 0.089    | 5.94e+20 | 6.30e+20 | 1.78e+20 | 2.05e+20 | 7.73e+20 | 8.35e+20 |
J 277.38242, 48.74617| 0.067 | 0.072    | 5.47e+20 | 5.78e+20 | 1.34e+20 | 1.52e+20 | 6.82e+20 | 7.30e+20 |
J 277.71098, 9.47834| 0.219 | 0.222    | 1.51e+21 | 1.55e+21 | 9.23e+20 | 9.47e+20 | 2.43e+21 | 2.50e+21 |
J 278.41630, -21.06113| 0.484 | 0.491    | 2.02e+21 | 2.05e+21 | 1.38e+21 | 1.39e+21 | 3.40e+21 | 3.44e+21 |
J 278.76412, 32.69635| 0.081 | 0.077    | 7.14e+20 | 6.98e+20 | 2.12e+20 | 1.98e+20 | 9.27e+20 | 8.96e+20 |
J 279.24264, -59.40229| 0.085 | 0.079    | 6.77e+20 | 6.47e+20 | 2.11e+20 | 1.89e+20 | 8.88e+20 | 8.36e+20 |
J 279.58468, -65.42755| 0.071 | 0.073    | 5.62e+20 | 5.71e+20 | 1.45e+20 | 1.51e+20 | 7.07e+20 | 7.22e+20 |
J 280.53752, 79.77143| 0.077 | 0.076    | 3.54e+20 | 3.47e+20 | 9.74e+19 | 9.48e+19 | 4.51e+20 | 4.41e+20 |
J 281.22497, -62.36469| 0.100 | 0.102    | 6.84e+20 | 6.97e+20 | 2.50e+20 | 2.61e+20 | 9.34e+20 | 9.57e+20 |
J 281.35912, 72.18373| 0.068 | 0.066    | 5.70e+20 | 5.61e+20 | 1.42e+20 | 1.36e+20 | 7.12e+20 | 6.97e+20 |
J 282.60455, 84.37906| 0.109 | 0.107    | 5.33e+20 | 5.17e+20 | 2.14e+20 | 2.02e+20 | 7.47e+20 | 7.20e+20 |
J 281.70711, 84.41813| 0.105 | 0.107    | 5.27e+20 | 5.23e+20 | 2.03e+20 | 2.05e+20 | 7.30e+20 | 7.27e+20 |
J 281.76163, -78.53043| 0.151 | 0.138    | 8.65e+20 | 8.44e+20 | 4.57e+20 | 4.14e+20 | 1.32e+21 | 1.26e+21 |
J 283.20629, 30.07417| 0.185 | 0.190    | 1.38e+21 | 1.38e+21 | 7.82e+20 | 7.92e+20 | 2.17e+21 | 2.17e+21 |
J 283.66778, -78.89832| 0.159 | 0.162    | 8.72e+20 | 8.43e+20 | 4.82e+20 | 4.77e+20 | 1.35e+21 | 1.32e+21 |
J 284.00229, 15.63290| 0.727 | 0.770    | 3.46e+21 | 3.54e+21 | 1.44e+21 | 1.44e+21 | 4.89e+21 | 4.98e+21 |
J 284.20572, -54.70831| 0.077 | 0.081    | 5.91e+20 | 6.01e+20 | 1.66e+20 | 1.77e+20 | 7.57e+20 | 7.78e+20 |
J 284.28231, -78.47254| 0.162 | 0.163    | 8.45e+20 | 8.33e+20 | 4.76e+20 | 4.75e+20 | 1.32e+21 | 1.31e+21 |
J 285.95474, 33.84477| 0.083 | 0.086    | 7.32e+20 | 7.60e+20 | 2.24e+20 | 2.39e+20 | 9.56e+20 | 9.99e+20 |
J 286.35808, 42.46103| 0.080 | 0.075    | 5.80e+20 | 5.83e+20 | 1.70e+20 | 1.60e+20 | 7.49e+20 | 7.43e+20 |
J 288.31139, -50.18287| 0.071 | 0.069    | 5.26e+20 | 5.28e+20 | 1.35e+20 | 1.32e+20 | 6.61e+20 | 6.59e+20 |
J 289.86685, -29.96890| 0.117 | 0.121    | 7.83e+20 | 7.89e+20 | 3.33e+20 | 3.45e+20 | 1.12e+21 | 1.13e+21 |
J 290.30898, -58.67027| 0.087 | 0.095    | 4.87e+20 | 4.83e+20 | 1.54e+20 | 1.68e+20 | 6.41e+20 | 6.50e+20 |
J 291.25910, 50.72050| 0.100 | 0.103    | 7.73e+20 | 7.77e+20 | 2.81e+20 | 2.92e+20 | 1.05e+21 | 1.07e+21 |
J 291.62590, 41.55138| 0.106 | 0.111    | 8.59e+20 | 8.93e+20 | 3.30e+20 | 3.55e+20 | 1.19e+21 | 1.25e+21 |
J 291.95202, 73.96707| 0.137 | 0.136    | 7.20e+20 | 7.15e+20 | 3.56e+20 | 3.51e+20 | 1.08e+21 | 1.07e+21 |
J 292.55750, 34.18043| 0.205 | 0.201    | 1.62e+21 | 1.58e+21 | 9.27e+20 | 8.99e+20 | 2.55e+21 | 2.48e+21 |
J 293.44650, 32.90721| 0.299 | 0.293    | 2.12e+21 | 2.14e+21 | 1.25e+21 | 1.24e+21 | 3.37e+21 | 3.38e+21 |
J 294.38761, -6.21800| 0.278 | 0.274    | 1.08e+21 | 1.06e+21 | 8.69e+20 | 8.50e+20 | 1.95e+21 | 1.91e+21 |
J 294.51831, -51.16382| 0.054 | 0.053    | 3.83e+20 | 3.77e+20 | 7.24e+19 | 7.11e+19 | 4.55e+20 | 4.48e+20 |
J 295.06299, -30.26424| 0.121 | 0.118    | 8.88e+20 | 9.15e+20 | 3.83e+20 | 3.86e+20 | 1.27e+21 | 1.30e+21 |
J 295.66911, -10.32364| 0.207 | 0.206    | 9.11e+20 | 8.78e+20 | 6.22e+20 | 6.02e+20 | 1.53e+21 | 1.48e+21 |
J 295.98433, 21.30639| 3.044 | 2.817    | 8.24e+21 | 8.36e+21 | 1.44e+21 | 1.44e+21 | 9.68e+21 | 9.80e+21 |
J 296.83065, 44.82837| 0.220 | 0.228    | 1.68e+21 | 1.73e+21 | 9.86e+20 | 1.02e+21 | 2.67e+21 | 2.75e+21 |
J 298.06583, 2.50671| 0.193 | 0.191    | 1.21e+21 | 1.22e+21 | 7.34e+20 | 7.32e+20 | 1.95e+21 | 1.95e+21 |
J 299.86823, 40.73391| 0.514 | 0.469    | 3.02e+21 | 2.72e+21 | 1.43e+21 | 1.42e+21 | 4.45e+21 | 4.14e+21 |
J 299.99930, 65.14853| 0.185 | 0.190    | 9.83e+20 | 1.00e+21 | 6.06e+20 | 6.28e+20 | 1.59e+21 | 1.63e+21 |
J 300.23239, -18.17427| 0.169 | 0.168    | 7.27e+20 | 7.07e+20 | 4.34e+20 | 4.22e+20 | 1.16e+21 | 1.13e+21 |
J 301.63900, 56.34358| 0.296 | 0.311    | 1.74e+21 | 1.75e+21 | 1.16e+21 | 1.18e+21 | 2.90e+21 | 2.93e+21 |
J 301.74137, -34.54852| 0.110 | 0.109    | 6.62e+20 | 6.72e+20 | 2.65e+20 | 2.68e+20 | 9.27e+20 | 9.40e+20 |
J 302.19538, -61.09995| 0.042 | 0.042    | 3.13e+20 | 3.15e+20 | 4.53e+19 | 4.52e+19 | 3.58e+20 | 3.60e+20 |
J 302.35583, -48.83158| 0.052 | 0.053    | 3.94e+20 | 3.93e+20 | 7.21e+19 | 7.33e+19 | 4.66e+20 | 4.67e+20 |
J 302.58234, -25.39982| 0.141 | 0.145    | 8.48e+20 | 8.56e+20 | 4.24e+20 | 4.38e+20 | 1.27e+21 | 1.29e+21 |
J 302.57261, 48.00594| 0.554 | 0.529    | 3.20e+21 | 3.17e+21 | 1.44e+21 | 1.43e+21 | 4.63e+21 | 4.61e+21 |
J 302.81547, -15.77786| 0.141 | 0.138    | 5.27e+20 | 5.24e+20 | 2.72e+20 | 2.64e+20 | 7.99e+20 | 7.88e+20 |
J 303.74692, 25.38366| 0.827 | 0.860    | 3.22e+21 | 3.32e+21 | 1.44e+21 | 1.44e+21 | 4.66e+21 | 4.76e+21 |
J 303.86989, 37.18330| 3.153 | 2.762    | 1.10e+22 | 1.15e+22 | 1.44e+21 | 1.44e+21 | 1.25e+22 | 1.29e+22 |
J 304.50541, -55.65875| 0.057 | 0.058    | 4.76e+20 | 4.81e+20 | 9.83e+19 | 1.01e+20 | 5.74e+20 | 5.82e+20 |
J 304.66138, 40.68332| 3.084 | 3.059    | 1.06e+22 | 1.05e+22 | 1.44e+21 | 1.44e+21 | 1.20e+22 | 1.19e+22 |
J 305.45429, 44.01091| 2.133 | 2.054    | 8.83e+21 | 8.77e+21 | 1.44e+21 | 1.44e+21 | 1.03e+22 | 1.02e+22 |
J 306.00886, -2.75907| 0.080 | 0.076    | 5.23e+20 | 5.23e+20 | 1.53e+20 | 1.46e+20 | 6.76e+20 | 6.69e+20 |
J 306.73296, -2.27771| 0.108 | 0.110    | 6.24e+20 | 6.19e+20 | 2.47e+20 | 2.49e+20 | 8.71e+20 | 8.67e+20 |
J 307.12037, 25.72338| 0.479 | 0.453    | 2.15e+21 | 2.07e+21 | 1.39e+21 | 1.37e+21 | 3.54e+21 | 3.44e+21 |
J 307.38013, -61.81910| 0.054 | 0.054    | 4.90e+20 | 4.83e+20 | 9.56e+19 | 9.27e+19 | 5.85e+20 | 5.75e+20 |
J 307.67381, -75.54531| 0.077 | 0.079    | 5.61e+20 | 5.75e+20 | 1.58e+20 | 1.65e+20 | 7.19e+20 | 7.40e+20 |
J 308.38346, 21.77289| 0.147 | 0.141    | 9.52e+20 | 9.42e+20 | 4.86e+20 | 4.66e+20 | 1.44e+21 | 1.41e+21 |
J 308.58032, -9.76645| 0.061 | 0.059    | 4.64e+20 | 4.51e+20 | 1.01e+20 | 9.62e+19 | 5.66e+20 | 5.48e+20 |
J 308.77354, 26.05833| 0.323 | 0.303    | 1.88e+21 | 1.88e+21 | 1.23e+21 | 1.20e+21 | 3.11e+21 | 3.08e+21 |
J 308.99117, -50.19229| 0.032 | 0.031    | 2.33e+20 | 2.27e+20 | 2.45e+19 | 2.33e+19 | 2.57e+20 | 2.50e+20 |
J 310.06578, -51.42969| 0.031 | 0.031    | 2.35e+20 | 2.34e+20 | 2.41e+19 | 2.33e+19 | 2.59e+20 | 2.57e+20 |
J 310.65543, 75.13401| 0.471 | 0.432    | 1.15e+21 | 1.16e+21 | 1.18e+21 | 1.15e+21 | 2.33e+21 | 2.31e+21 |
J 311.01773, 28.55263| 0.337 | 0.336    | 1.68e+21 | 1.73e+21 | 1.20e+21 | 1.21e+21 | 2.88e+21 | 2.94e+21 |
J 311.04064, -10.72354| 0.059 | 0.060    | 4.17e+20 | 4.25e+20 | 8.71e+19 | 9.08e+19 | 5.04e+20 | 5.16e+20 |
J 312.11250, 38.19036| 1.044 | 1.030    | 5.12e+21 | 5.18e+21 | 1.44e+21 | 1.44e+21 | 6.56e+21 | 6.62e+21 |
J 313.00982, -57.06876| 0.058 | 0.058    | 6.06e+20 | 6.10e+20 | 1.29e+20 | 1.29e+20 | 7.34e+20 | 7.39e+20 |
J 314.06819, -47.24657| 0.035 | 0.035    | 2.86e+20 | 2.89e+20 | 3.39e+19 | 3.44e+19 | 3.20e+20 | 3.23e+20 |
J 315.00415, 43.03637| 1.914 | 1.908    | 6.58e+21 | 6.85e+21 | 1.44e+21 | 1.44e+21 | 8.02e+21 | 8.29e+21 |
J 315.59913, -28.17463| 0.098 | 0.100    | 7.11e+20 | 7.34e+20 | 2.54e+20 | 2.69e+20 | 9.65e+20 | 1.00e+21 |
J 317.29156, -9.67077| 0.163 | 0.195    | 6.00e+20 | 6.61e+20 | 3.53e+20 | 4.54e+20 | 9.53e+20 | 1.11e+21 |
J 317.38281, 35.54934| 0.167 | 0.163    | 1.29e+21 | 1.26e+21 | 6.90e+20 | 6.66e+20 | 1.98e+21 | 1.93e+21 |
J 318.50478, 82.08009| 0.161 | 0.164    | 6.76e+20 | 6.86e+20 | 3.88e+20 | 4.01e+20 | 1.06e+21 | 1.09e+21 |
J 319.04296, 25.28366| 0.113 | 0.112    | 7.38e+20 | 7.35e+20 | 3.05e+20 | 2.99e+20 | 1.04e+21 | 1.03e+21 |
J 319.44876, 51.64911| 3.231 | 3.427    | 1.15e+22 | 1.18e+22 | 1.44e+21 | 1.44e+21 | 1.30e+22 | 1.32e+22 |
J 319.87137, 33.54917| 0.157 | 0.165    | 1.32e+21 | 1.33e+21 | 6.68e+20 | 7.01e+20 | 1.98e+21 | 2.03e+21 |
J 320.93579, 25.07439| 0.130 | 0.131    | 7.91e+20 | 7.77e+20 | 3.71e+20 | 3.66e+20 | 1.16e+21 | 1.14e+21 |
J 321.16398, 50.97385| 2.676 | 2.649    | 9.76e+21 | 1.00e+22 | 1.44e+21 | 1.44e+21 | 1.12e+22 | 1.15e+22 |
J 321.93916, 56.94305| 1.532 | 1.534    | 7.70e+21 | 7.65e+21 | 1.44e+21 | 1.44e+21 | 9.14e+21 | 9.09e+21 |
J 322.30076, -15.64476| 0.069 | 0.066    | 4.92e+20 | 4.85e+20 | 1.23e+20 | 1.16e+20 | 6.15e+20 | 6.01e+20 |
J 323.00919, -33.71495| 0.070 | 0.064    | 3.79e+20 | 3.52e+20 | 9.46e+19 | 8.01e+19 | 4.73e+20 | 4.32e+20 |
J 323.68807, -27.43208| 0.034 | 0.034    | 2.69e+20 | 2.76e+20 | 3.08e+19 | 3.16e+19 | 3.00e+20 | 3.08e+20 |
J 323.97511, 47.47275| 0.773 | 0.752    | 3.24e+21 | 3.24e+21 | 1.44e+21 | 1.44e+21 | 4.68e+21 | 4.68e+21 |
J 324.09627, -62.40016| 0.034 | 0.034    | 3.06e+20 | 3.05e+20 | 3.55e+19 | 3.51e+19 | 3.42e+20 | 3.40e+20 |
J 324.21964, -64.63438| 0.040 | 0.041    | 3.09e+20 | 3.18e+20 | 4.22e+19 | 4.43e+19 | 3.51e+20 | 3.62e+20 |
J 324.43832, -14.54882| 0.055 | 0.054    | 4.57e+20 | 4.38e+20 | 9.04e+19 | 8.42e+19 | 5.47e+20 | 5.23e+20 |
J 324.63930, 32.08494| 0.157 | 0.156    | 1.07e+21 | 1.06e+21 | 5.67e+20 | 5.60e+20 | 1.64e+21 | 1.62e+21 |
J 324.93734, 59.83752| 1.122 | 1.099    | 5.78e+21 | 5.68e+21 | 1.44e+21 | 1.44e+21 | 7.22e+21 | 7.12e+21 |
J 326.38673, 11.04863| 0.078 | 0.074    | 5.09e+20 | 5.11e+20 | 1.44e+20 | 1.38e+20 | 6.53e+20 | 6.49e+20 |
J 327.02275, 6.96073| 0.067 | 0.069    | 4.46e+20 | 4.46e+20 | 1.09e+20 | 1.11e+20 | 5.55e+20 | 5.56e+20 |
J 327.08137, -34.95125| 0.029 | 0.029    | 1.94e+20 | 1.93e+20 | 1.82e+19 | 1.82e+19 | 2.12e+20 | 2.11e+20 |
J 327.49196, -18.98995| 0.035 | 0.034    | 2.96e+20 | 2.92e+20 | 3.47e+19 | 3.34e+19 | 3.31e+20 | 3.26e+20 |
J 327.98135, -30.46487| 0.026 | 0.026    | 1.61e+20 | 1.63e+20 | 1.29e+19 | 1.32e+19 | 1.74e+20 | 1.76e+20 |
J 329.06347, 17.38127| 0.088 | 0.092    | 5.75e+20 | 5.81e+20 | 1.86e+20 | 1.95e+20 | 7.61e+20 | 7.76e+20 |
J 329.27494, -69.68991| 0.030 | 0.030    | 2.67e+20 | 2.64e+20 | 2.65e+19 | 2.63e+19 | 2.93e+20 | 2.90e+20 |
J 329.36160, -6.17156| 0.035 | 0.033    | 2.88e+20 | 2.73e+20 | 3.42e+19 | 3.03e+19 | 3.22e+20 | 3.04e+20 |
J 330.17229, 10.55224| 0.063 | 0.059    | 4.55e+20 | 4.30e+20 | 1.03e+20 | 9.11e+19 | 5.59e+20 | 5.21e+20 |
J 330.43140, 50.81570| 0.578 | 0.548    | 3.83e+21 | 3.69e+21 | 1.44e+21 | 1.44e+21 | 5.27e+21 | 5.12e+21 |
J 330.50789, -31.86959| 0.027 | 0.027    | 1.90e+20 | 1.95e+20 | 1.61e+19 | 1.65e+19 | 2.06e+20 | 2.12e+20 |
J 330.68039, 42.27775| 0.305 | 0.316    | 1.83e+21 | 1.73e+21 | 1.20e+21 | 1.19e+21 | 3.03e+21 | 2.92e+21 |
J 330.81242, 31.76064| 0.113 | 0.112    | 8.47e+20 | 8.54e+20 | 3.45e+20 | 3.47e+20 | 1.19e+21 | 1.20e+21 |
J 331.07985, 3.56422| 0.043 | 0.043    | 3.96e+20 | 4.02e+20 | 5.92e+19 | 6.07e+19 | 4.55e+20 | 4.62e+20 |
J 331.75831, 10.23364| 0.066 | 0.065    | 5.02e+20 | 5.12e+20 | 1.20e+20 | 1.21e+20 | 6.22e+20 | 6.33e+20 |
J 332.28195, -27.80947| 0.022 | 0.021    | 1.63e+20 | 1.67e+20 | 1.08e+19 | 1.06e+19 | 1.74e+20 | 1.77e+20 |
J 332.31755, -47.16670| 0.016 | 0.016    | 1.08e+20 | 1.06e+20 | 4.87e+18 | 4.70e+18 | 1.12e+20 | 1.11e+20 |
J 332.97453, 18.69719| 0.051 | 0.051    | 4.34e+20 | 4.32e+20 | 7.85e+19 | 7.84e+19 | 5.13e+20 | 5.11e+20 |
J 333.53826, -25.96373| 0.023 | 0.022    | 1.79e+20 | 1.74e+20 | 1.29e+19 | 1.20e+19 | 1.92e+20 | 1.86e+20 |
J 334.30111, 14.23914| 0.064 | 0.066    | 4.65e+20 | 4.65e+20 | 1.08e+20 | 1.11e+20 | 5.72e+20 | 5.76e+20 |
J 334.95730, 26.22444| 0.083 | 0.087    | 6.47e+20 | 6.64e+20 | 1.97e+20 | 2.11e+20 | 8.45e+20 | 8.74e+20 |
J 335.93757, 11.83588| 0.085 | 0.086    | 5.31e+20 | 5.37e+20 | 1.66e+20 | 1.68e+20 | 6.97e+20 | 7.05e+20 |
J 335.95642, -2.10357| 0.072 | 0.074    | 4.51e+20 | 4.49e+20 | 1.18e+20 | 1.21e+20 | 5.70e+20 | 5.70e+20 |
J 336.77405, 36.36158| 0.115 | 0.113    | 9.43e+20 | 9.28e+20 | 3.89e+20 | 3.77e+20 | 1.33e+21 | 1.30e+21 |
J 337.30775, 66.78097| 1.116 | 1.032    | 4.84e+21 | 4.81e+21 | 1.44e+21 | 1.44e+21 | 6.28e+21 | 6.25e+21 |
J 337.41702, -8.54845| 0.051 | 0.051    | 4.21e+20 | 4.20e+20 | 7.55e+19 | 7.68e+19 | 4.97e+20 | 4.97e+20 |
J 338.15171, 11.73080| 0.070 | 0.067    | 5.27e+20 | 5.35e+20 | 1.33e+20 | 1.29e+20 | 6.60e+20 | 6.64e+20 |
J 338.70762, -25.67695| 0.021 | 0.021    | 1.49e+20 | 1.45e+20 | 9.38e+18 | 9.02e+18 | 1.59e+20 | 1.54e+20 |
J 338.94251, -26.05044| 0.020 | 0.020    | 1.49e+20 | 1.50e+20 | 9.06e+18 | 9.01e+18 | 1.58e+20 | 1.59e+20 |
J 339.01492, 33.97584| 0.079 | 0.079    | 6.34e+20 | 6.15e+20 | 1.84e+20 | 1.79e+20 | 8.19e+20 | 7.94e+20 |
J 339.13700, 25.76315| 0.053 | 0.052    | 4.45e+20 | 4.40e+20 | 8.42e+19 | 8.20e+19 | 5.30e+20 | 5.22e+20 |
J 339.19372, -12.54522| 0.064 | 0.064    | 5.15e+20 | 5.35e+20 | 1.20e+20 | 1.24e+20 | 6.35e+20 | 6.59e+20 |
J 340.07113, 8.05377| 0.109 | 0.104    | 6.35e+20 | 6.39e+20 | 2.54e+20 | 2.44e+20 | 8.89e+20 | 8.83e+20 |
J 340.63911, -37.18544| 0.015 | 0.014    | 1.09e+20 | 1.03e+20 | 4.77e+18 | 4.19e+18 | 1.14e+20 | 1.07e+20 |
J 340.58896, -45.65258| 0.010 | 0.010    | 1.06e+20 | 1.07e+20 | 2.90e+18 | 2.99e+18 | 1.09e+20 | 1.10e+20 |
J 341.45301, 39.68776| 0.143 | 0.140    | 9.80e+20 | 9.64e+20 | 4.88e+20 | 4.73e+20 | 1.47e+21 | 1.44e+21 |
J 342.17157, -51.16481| 0.010 | 0.010    | 9.64e+19 | 9.40e+19 | 2.47e+18 | 2.45e+18 | 9.89e+19 | 9.64e+19 |
J 342.18476, 17.45094| 0.078 | 0.077    | 6.17e+20 | 5.99e+20 | 1.77e+20 | 1.68e+20 | 7.95e+20 | 7.68e+20 |
J 342.71548, -8.91578| 0.042 | 0.043    | 3.34e+20 | 3.43e+20 | 4.84e+19 | 5.04e+19 | 3.83e+20 | 3.94e+20 |
J 342.97292, 22.29374| 0.088 | 0.088    | 4.94e+20 | 4.90e+20 | 1.59e+20 | 1.58e+20 | 6.54e+20 | 6.49e+20 |
J 342.94638, -32.10437| 0.019 | 0.019    | 1.34e+20 | 1.31e+20 | 7.31e+18 | 7.30e+18 | 1.41e+20 | 1.39e+20 |
J 343.49061, 16.14825| 0.077 | 0.081    | 6.58e+20 | 6.63e+20 | 1.86e+20 | 1.97e+20 | 8.44e+20 | 8.59e+20 |
J 343.52452, -17.58204| 0.036 | 0.036    | 2.39e+20 | 2.42e+20 | 2.82e+19 | 2.91e+19 | 2.67e+20 | 2.71e+20 |
J 343.68133, 11.71411| 0.095 | 0.098    | 5.12e+20 | 5.13e+20 | 1.78e+20 | 1.84e+20 | 6.90e+20 | 6.97e+20 |
J 343.58196, 11.78257| 0.091 | 0.093    | 5.05e+20 | 5.03e+20 | 1.69e+20 | 1.72e+20 | 6.74e+20 | 6.75e+20 |
J 344.15191, 5.42140| 0.074 | 0.080    | 5.69e+20 | 5.97e+20 | 1.54e+20 | 1.75e+20 | 7.23e+20 | 7.72e+20 |
J 344.73048, 40.93233| 0.141 | 0.132    | 1.00e+21 | 9.81e+20 | 4.89e+20 | 4.54e+20 | 1.49e+21 | 1.43e+21 |
J 344.88717, 24.91830| 0.166 | 0.164    | 4.91e+20 | 4.80e+20 | 2.97e+20 | 2.87e+20 | 7.88e+20 | 7.67e+20 |
J 345.40096, -59.22251| 0.020 | 0.020    | 1.78e+20 | 1.79e+20 | 1.07e+19 | 1.07e+19 | 1.89e+20 | 1.89e+20 |
J 345.50400, 15.96477| 0.101 | 0.089    | 5.59e+20 | 5.44e+20 | 2.07e+20 | 1.77e+20 | 7.66e+20 | 7.20e+20 |
J 345.76239, -18.69050| 0.033 | 0.032    | 2.16e+20 | 2.17e+20 | 2.31e+19 | 2.30e+19 | 2.39e+20 | 2.40e+20 |
J 345.81506, 8.87392| 0.057 | 0.059    | 4.35e+20 | 4.45e+20 | 8.92e+19 | 9.37e+19 | 5.24e+20 | 5.39e+20 |
J 346.18117, -8.68573| 0.043 | 0.043    | 3.01e+20 | 2.91e+20 | 4.45e+19 | 4.29e+19 | 3.45e+20 | 3.34e+20 |
J 346.23597, 12.32296| 0.130 | 0.125    | 5.36e+20 | 5.29e+20 | 2.55e+20 | 2.42e+20 | 7.91e+20 | 7.70e+20 |
J 346.76214, 4.54918| 0.062 | 0.062    | 5.03e+20 | 5.10e+20 | 1.12e+20 | 1.15e+20 | 6.15e+20 | 6.26e+20 |
J 346.95360, 22.71035| 0.200 | 0.210    | 6.14e+20 | 6.26e+20 | 4.34e+20 | 4.60e+20 | 1.05e+21 | 1.09e+21 |
J 346.98858, 40.27753| 0.122 | 0.119    | 9.58e+20 | 9.56e+20 | 4.15e+20 | 4.05e+20 | 1.37e+21 | 1.36e+21 |
J 349.59845, -42.37042| 0.016 | 0.016    | 1.33e+20 | 1.33e+20 | 6.00e+18 | 6.14e+18 | 1.39e+20 | 1.39e+20 |
J 349.73607, 0.24388| 0.044 | 0.044    | 3.90e+20 | 3.82e+20 | 5.98e+19 | 5.92e+19 | 4.50e+20 | 4.42e+20 |
J 350.15245, 64.51244| 1.531 | 1.563    | 7.65e+21 | 7.77e+21 | 1.44e+21 | 1.44e+21 | 9.09e+21 | 9.21e+21 |
J 350.60197, -6.76056| 0.037 | 0.037    | 2.86e+20 | 2.87e+20 | 3.59e+19 | 3.60e+19 | 3.22e+20 | 3.23e+20 |
J 351.35083, -38.44698| 0.019 | 0.020    | 1.74e+20 | 1.77e+20 | 1.01e+19 | 1.08e+19 | 1.84e+20 | 1.88e+20 |
J 351.47603, 21.88719| 0.062 | 0.062    | 3.86e+20 | 3.90e+20 | 8.47e+19 | 8.59e+19 | 4.71e+20 | 4.76e+20 |
J 351.84154, 15.41037| 0.055 | 0.058    | 3.61e+20 | 3.68e+20 | 6.98e+19 | 7.59e+19 | 4.31e+20 | 4.44e+20 |
J 351.88991, 9.66936| 0.051 | 0.047    | 4.10e+20 | 3.99e+20 | 7.33e+19 | 6.64e+19 | 4.83e+20 | 4.65e+20 |
J 352.26632, 3.53330| 0.064 | 0.064    | 5.08e+20 | 5.19e+20 | 1.17e+20 | 1.21e+20 | 6.26e+20 | 6.40e+20 |
J 352.65704, 71.37961| 0.645 | 0.677    | 2.75e+21 | 2.77e+21 | 1.44e+21 | 1.44e+21 | 4.18e+21 | 4.20e+21 |
J 353.48014, -23.72796| 0.022 | 0.023    | 1.60e+20 | 1.63e+20 | 1.09e+19 | 1.14e+19 | 1.71e+20 | 1.75e+20 |
J 355.48113, 30.58177| 0.100 | 0.106    | 5.69e+20 | 5.79e+20 | 2.09e+20 | 2.24e+20 | 7.78e+20 | 8.03e+20 |
J 355.99817, 5.63990| 0.104 | 0.109    | 6.91e+20 | 7.13e+20 | 2.62e+20 | 2.83e+20 | 9.53e+20 | 9.95e+20 |
J 356.18295, -42.72012| 0.015 | 0.015    | 1.53e+20 | 1.52e+20 | 6.63e+18 | 6.49e+18 | 1.60e+20 | 1.58e+20 |
J 356.77014, 51.70497| 0.228 | 0.227    | 1.51e+21 | 1.50e+21 | 9.47e+20 | 9.41e+20 | 2.46e+21 | 2.44e+21 |
J 357.98384, -1.15369| 0.030 | 0.029    | 3.65e+20 | 3.60e+20 | 3.73e+19 | 3.56e+19 | 4.03e+20 | 3.95e+20 |
J 358.09206, 58.75854| 1.021 | 1.084    | 5.01e+21 | 5.06e+21 | 1.44e+21 | 1.44e+21 | 6.45e+21 | 6.50e+21 |
J 358.21424, -17.07700| 0.024 | 0.024    | 1.57e+20 | 1.59e+20 | 1.17e+19 | 1.20e+19 | 1.69e+20 | 1.71e+20 |
J 359.78292, -30.62796| 0.015 | 0.015    | 1.42e+20 | 1.44e+20 | 6.17e+18 | 6.25e+18 | 1.48e+20 | 1.50e+20 |
J 359.76794, -60.91644| 0.015 | 0.013    | 1.56e+20 | 1.51e+20 | 6.72e+18 | 5.76e+18 | 1.63e+20 | 1.57e+20 |
J 307.14609, 25.73338| 0.479 | 0.455    | 2.15e+21 | 2.07e+21 | 1.39e+21 | 1.37e+21 | 3.54e+21 | 3.45e+21 |
J 32.33686, -10.13309| 0.024 | 0.024    | 2.50e+20 | 2.53e+20 | 1.93e+19 | 1.99e+19 | 2.69e+20 | 2.73e+20 |
J 253.24540, 2.40102| 0.079 | 0.078    | 4.96e+20 | 4.87e+20 | 1.43e+20 | 1.39e+20 | 6.39e+20 | 6.26e+20 |